-1.0472
-1.0472
-1.0472
-1.0472
-1.0472
-1.0472
-1.0472
-1.0472
-1.0472
-1.0472
-1.0472
-1.0472
-1.0472
-1.0472
-1.0472
-1.0472
-1.0472
-1.0472
-1.0472
-1.0472
-1.0472
-1.0472
-1.0472
-1.0472
-1.0472
-1.0472
-1.04716
-1.04697
-1.04649
-1.04559
-1.04414
-1.04206
-1.03929
-1.0358
-1.03157
-1.0266
-1.02091
-1.01452
-1.00746
-0.999744
-0.991411
-0.982482
-0.972979
-0.962919
-0.956933
-0.956933
-0.952316
-0.941197
-0.92965
-0.91782
-0.905871
-0.893946
-0.882163
-0.8706
-0.859299
-0.848273
-0.837505
-0.826964
-0.816608
-0.806394
-0.79628
-0.786231
-0.776218
-0.766221
-0.756227
-0.746226
-0.736216
-0.726195
-0.716165
-0.706126
-0.69608
-0.686028
-0.675972
-0.665913
-0.65585
-0.645784
-0.635716
-0.625646
-0.615575
-0.605502
-0.59543
-0.585358
-0.575286
-0.565214
-0.555143
-0.545072
-0.535002
-0.524933
-0.514863
-0.504794
-0.494725
-0.484655
-0.474586
-0.464516
-0.454446
-0.444376
-0.434305
-0.424233
-0.414161
-0.404088
-0.394015
-0.383941
-0.373867
-0.363792
-0.353717
-0.343641
-0.333564
-0.323487
-0.313409
-0.303331
-0.293252
-0.283173
-0.273092
-0.263012
-0.252931
-0.242849
-0.232766
-0.222683
-0.212599
-0.202515
-0.19243
-0.182344
-0.172257
-0.16217
-0.152081
-0.141992
-0.131902
-0.121811
-0.111719
-0.101626
-0.0915324
-0.0814375
-0.0713416
-0.0612446
-0.0511465
-0.0410473
-0.0309469
-0.0208454
-0.0107426
-0.000638608
0.00946664
0.0195732
0.029681
0.0397902
0.0499007
0.0600126
0.0701259
0.0802407
0.0903568
0.100474
0.110594
0.120714
0.130836
0.14096
0.151085
0.161212
0.17134
0.18147
0.191601
0.201734
0.211869
0.222005
0.232143
0.242283
0.252424
0.262567
0.272711
0.282857
0.293004
0.303153
0.313304
0.323456
0.33361
0.343765
0.353922
0.364081
0.37424
0.384402
0.394564
0.404728
0.414894
0.425061
0.435229
0.445398
0.455569
0.465741
0.475914
0.486088
0.496263
0.50644
0.516617
0.526795
0.536974
0.547154
0.557335
0.567516
0.577698
0.587881
0.598064
0.608248
0.618432
0.628617
0.638802
0.648988
0.659173
0.669359
0.679545
0.68973
0.699916
0.710102
0.720288
0.730473
0.740658
0.750843
0.761028
0.771212
0.781395
0.791578
0.801761
0.811943
0.822124
0.832305
0.842484
0.852663
0.862841
0.873019
0.883195
0.89337
0.903544
0.913718
0.92389
0.934061
0.944231
0.948672
0.948672
0.954398
0.964515
0.974434
0.983948
0.992877
1.00111
1.0086
1.01538
1.02148
1.02696
1.03186
1.03621
1.04003
1.04332
1.04609
1.04834
1.05006
1.05126
1.05184
1.05184
1.05192
1.05192
1.05194
1.05197
1.05197
1.05208
1.05208
1.05208
1.05208
1.05212
1.05212
1.05212
1.05212
1.05212
1.05212
1.05212
1.05212
1.05212
1.05212
1.05212
1.0521
1.0521
1.0521
1.0521
1.0518
1.05109
1.05018
1.04926
1.04872
1.04872
1.04847
1.04787
1.04745
1.04718
1.047
1.04687
1.04677
1.04667
1.04659
1.04659
1.04659
1.04659
1.04659
1.04659
1.04658
1.04649
1.04644
1.04644
1.04643
1.04643
1.04642
1.04642
1.04642
1.04637
1.04637
1.04637
1.04633
1.04633
1.04633
1.0463
1.04628
1.04627
1.04628
1.04628
1.04628
1.04628
1.04628
1.04628
1.04628
1.04628
1.04628
1.04628
1.04628
1.04627
1.04627
1.04627
1.04627
1.04627
1.04627
1.04627
1.04626
1.04626
1.04627
1.04627
1.04627
1.04627
1.04627
1.04627
1.04627
1.04627
1.04628
1.04629
1.04629
1.04629
1.04628
1.04628
1.04627
1.04626
1.04626
1.04626
1.04626
1.04626
1.04626
1.04627
1.04628
1.04628
1.04628
1.04628
1.04628
1.04628
1.04629
1.04629
1.04629
1.04628
1.04628
1.04628
1.04628
1.04628
1.04628
1.04629
1.04631
1.04632
1.04634
1.04636
1.04638
1.0464
1.04642
1.04643
1.04645
1.04647
1.04649
1.04651
1.04652
1.04654
1.04656
1.04658
1.04659
1.04661
1.04663
1.04664
1.04666
1.04668
1.04669
1.0467
1.04672
1.04673
1.04675
1.04676
1.04677
1.04678
1.0468
1.04681
1.04682
1.04683
1.04684
1.04685
1.04686
1.04687
1.04688
1.04689
1.0469
1.04691
1.04692
1.04692
1.04693
1.04694
1.04695
1.04695
1.04696
1.04697
1.04697
1.04698
1.04699
1.04699
1.047
1.047
1.047
1.047
1.047
1.04701
1.04701
1.04702
1.04702
1.04703
1.04703
1.04704
1.04704
1.04705
1.04705
1.04705
1.04706
1.04706
1.04706
1.04706
