-1.91986
-1.91986
-1.91986
-1.91986
-1.91986
-1.91986
-1.91986
-1.91986
-1.91986
-1.91986
-1.91986
-1.91986
-1.91986
-1.91986
-1.91986
-1.91984
-1.91984
-1.91984
-1.91984
-1.91984
-1.91984
-1.91984
-1.91984
-1.91984
-1.91984
-1.91979
-1.91906
-1.91728
-1.91431
-1.91012
-1.90471
-1.89814
-1.89046
-1.88172
-1.87201
-1.86137
-1.84984
-1.83744
-1.8242
-1.81011
-1.79517
-1.77936
-1.76266
-1.74507
-1.73461
-1.73461
-1.72656
-1.70755
-1.68852
-1.66966
-1.65102
-1.63261
-1.61441
-1.59637
-1.57845
-1.5606
-1.54275
-1.52486
-1.5069
-1.48885
-1.47069
-1.45243
-1.43406
-1.41558
-1.39702
-1.37838
-1.35968
-1.34093
-1.32216
-1.30337
-1.28458
-1.2658
-1.24702
-1.22827
-1.20954
-1.19083
-1.17215
-1.15349
-1.13485
-1.11624
-1.09763
-1.07905
-1.06047
-1.0419
-1.02334
-1.00477
-0.986213
-0.967651
-0.949087
-0.93052
-0.911949
-0.893374
-0.874795
-0.856211
-0.837624
-0.819033
-0.800439
-0.781842
-0.763244
-0.744644
-0.726042
-0.70744
-0.688838
-0.670236
-0.651635
-0.633033
-0.614433
-0.595833
-0.577235
-0.558637
-0.54004
-0.521443
-0.502848
-0.484253
-0.465659
-0.447065
-0.428471
-0.409878
-0.391285
-0.372692
-0.354099
-0.335507
-0.316914
-0.298322
-0.279729
-0.261137
-0.242544
-0.223952
-0.20536
-0.186768
-0.168176
-0.149584
-0.130993
-0.112402
-0.0938109
-0.0752204
-0.0566303
-0.0380406
-0.0194513
-0.000862396
0.017726
0.036314
0.0549016
0.0734887
0.0920753
0.110661
0.129247
0.147832
0.166417
0.185002
0.203586
0.222169
0.240753
0.259336
0.277918
0.2965
0.315082
0.333663
0.352245
0.370825
0.389406
0.407986
0.426566
0.445146
0.463726
0.482305
0.500884
0.519463
0.538042
0.556621
0.5752
0.593778
0.612357
0.630935
0.649514
0.668093
0.686671
0.70525
0.723829
0.742409
0.760988
0.779568
0.798148
0.816728
0.835309
0.85389
0.872471
0.891053
0.909636
0.928219
0.946803
0.965387
0.983972
1.00256
1.02114
1.03973
1.05832
1.07691
1.0955
1.11409
1.13268
1.15127
1.16987
1.18846
1.20706
1.22565
1.24425
1.26285
1.28145
1.30005
1.31866
1.33726
1.35587
1.37447
1.39308
1.41169
1.4303
1.44891
1.46753
1.48614
1.50476
1.52337
1.54199
1.56061
1.57923
1.59786
1.61648
1.63511
1.65373
1.67236
1.69099
1.70962
1.72825
1.73639
1.73639
1.74685
1.765
1.78226
1.79847
1.81357
1.82759
1.84058
1.85258
1.86365
1.87379
1.88301
1.89132
1.89869
1.90513
1.91063
1.91516
1.91872
1.92131
1.92265
1.92265
1.92287
1.92287
1.92292
1.92299
1.92299
1.92332
1.92332
1.92332
1.92332
1.92346
1.92346
1.9235
1.9235
1.92351
1.92351
1.92354
1.92354
1.92354
1.92354
1.92354
1.92355
1.92355
1.92355
1.92355
1.92347
1.92327
1.92309
1.923
1.92298
1.92298
1.92298
1.92298
1.92298
1.92298
1.92298
1.92298
1.92298
1.92298
1.92298
1.92298
1.92298
1.92298
1.92298
1.92298
1.92298
1.92293
1.92287
1.92287
1.92287
1.92287
1.92286
1.92286
1.92286
1.92277
1.92276
1.92276
1.92269
1.92269
1.92267
1.92257
1.92246
1.92236
1.92226
1.92224
1.92224
1.92219
1.92219
1.92217
1.92211
1.92211
1.9221
1.92203
1.92197
1.92192
1.92189
1.92189
1.92188
1.92186
1.92186
1.92184
1.92181
1.92177
1.92172
1.92169
1.92169
1.92169
1.92169
1.92168
1.92168
1.92167
1.92161
1.92155
1.92148
1.92141
1.92135
1.92129
1.92125
1.92121
1.92119
1.92119
1.92119
1.92119
1.92117
1.92114
1.92111
1.92109
1.92109
1.92109
1.92109
1.92108
1.92105
1.92104
1.92104
1.92102
1.92102
1.92102
1.92099
1.92096
1.92093
1.9209
1.92087
1.92083
1.9208
1.92077
1.92074
1.92071
1.92069
1.92066
1.92064
1.92061
1.92059
1.92057
1.92055
1.92053
1.92051
1.92049
1.92048
1.92046
1.92044
1.92042
1.9204
1.92039
1.92037
1.92036
1.92034
1.92033
1.92031
1.9203
1.92029
1.92027
1.92026
1.92025
1.92024
1.92023
1.92022
1.92021
1.9202
1.92019
1.92018
1.92017
1.92016
1.92015
1.92014
1.92013
1.92012
1.92012
1.92011
1.9201
1.92009
1.92009
1.92008
1.92007
1.92007
1.92006
1.92006
1.92005
1.92005
1.92005
1.92005
1.92005
1.92004
1.92004
1.92003
1.92003
1.92002
1.92002
1.92001
1.92001
1.92001
1.92
1.92
1.92
1.92
1.92
