0
-7.37031e-022
-7.37031e-022
-7.37043e-022
-7.37043e-022
-6.65313e-022
-6.65313e-022
-3.03861e-022
-3.03861e-022
-2.90866e-022
-2.90866e-022
-2.90866e-022
-2.90866e-022
-2.90866e-022
-2.90866e-022
-2.33168e-022
-2.33168e-022
-2.33168e-022
-2.33168e-022
4.40463e-017
4.40463e-017
5.7271e-008
5.7271e-008
5.7271e-008
5.7271e-008
3.20656e-006
0.000122257
0.000499062
0.0011923
0.00220552
0.00351049
0.00506696
0.00683581
0.00878567
0.0108946
0.0131491
0.0155426
0.0180737
0.0207451
0.0235618
0.0265309
0.0296597
0.0329556
0.0364255
0.0384862
0.0384862
0.0400719
0.0438066
0.0475044
0.0510919
0.0545516
0.0579092
0.0612126
0.0645129
0.067854
0.0712671
0.0747693
0.0783658
0.0820516
0.0858148
0.0896396
0.093509
0.0974069
0.101319
0.105236
0.109149
0.113053
0.116947
0.12083
0.124703
0.128567
0.132424
0.136276
0.140124
0.143969
0.147812
0.151654
0.155495
0.159335
0.163175
0.167015
0.170855
0.174695
0.178535
0.182375
0.186216
0.190056
0.193897
0.197737
0.201576
0.205416
0.209254
0.213093
0.21693
0.220768
0.224604
0.22844
0.232276
0.23611
0.239945
0.243779
0.247613
0.251446
0.255279
0.259112
0.262945
0.266777
0.27061
0.274442
0.278274
0.282106
0.285938
0.289771
0.293603
0.297435
0.301267
0.305099
0.308931
0.312763
0.316595
0.320427
0.324259
0.328091
0.331923
0.335755
0.339587
0.343419
0.347251
0.351083
0.354914
0.358746
0.362578
0.36641
0.370242
0.374074
0.377906
0.381738
0.38557
0.389402
0.393234
0.397066
0.400898
0.40473
0.408562
0.412394
0.416226
0.420058
0.42389
0.427722
0.431554
0.435385
0.439217
0.443048
0.44688
0.450711
0.454542
0.458373
0.462204
0.466034
0.469864
0.473694
0.477524
0.481353
0.485182
0.489011
0.492839
0.496666
0.500494
0.504321
0.508147
0.511973
0.515798
0.519623
0.523447
0.527271
0.531094
0.534916
0.538738
0.542559
0.546379
0.550198
0.554017
0.557834
0.561651
0.565467
0.569283
0.573097
0.57691
0.580722
0.584534
0.588344
0.592154
0.595962
0.599769
0.603576
0.607381
0.611185
0.614988
0.61879
0.622591
0.626391
0.63019
0.633987
0.637784
0.641579
0.645373
0.649166
0.652958
0.656749
0.660539
0.664327
0.668115
0.671901
0.675687
0.679471
0.683254
0.687036
0.690818
0.694598
0.698377
0.702155
0.705933
0.709709
0.713485
0.717259
0.721033
0.724806
0.728578
0.73235
0.73612
0.73989
0.74366
0.747428
0.749074
0.749074
0.751191
0.754866
0.758379
0.761715
0.764884
0.767909
0.770802
0.773553
0.776137
0.778515
0.780652
0.782518
0.784097
0.785383
0.786384
0.787116
0.7876
0.787858
0.787917
0.787917
0.787917
0.787917
0.787917
0.787917
0.787917
0.787917
0.787917
0.787917
0.787917
0.787915
0.787915
0.787912
0.787912
0.787912
0.787912
0.787905
0.787905
0.787905
0.787905
0.787905
0.787897
0.787897
0.787897
0.787897
0.787799
0.787648
0.787493
0.787331
0.787209
0.787209
0.787139
0.786897
0.7866
0.78626
0.785903
0.785564
0.78527
0.785041
0.784908
0.784908
0.784908
0.784908
0.784908
0.784908
0.784885
0.784803
0.784784
0.784784
0.784784
0.784784
0.784784
0.784784
0.784784
0.784784
0.784784
0.784784
0.784784
0.784784
0.784784
0.784784
0.784784
0.784784
0.784784
0.784784
0.784784
0.784784
0.784784
0.784784
0.784784
0.784784
0.784784
0.784784
0.784784
0.784784
0.784784
0.784784
0.784784
0.784784
0.784784
0.784784
0.784784
0.784784
0.784784
0.784784
0.784784
0.784784
0.784784
0.784784
0.784784
0.784784
0.784784
0.784784
0.784784
0.784784
0.784784
0.784784
0.784784
0.784784
0.784784
0.784784
0.784784
0.784784
0.784784
0.784784
0.784784
0.784784
0.784784
0.784784
0.784784
0.784784
0.784784
0.784784
0.784784
0.784784
0.784784
0.784784
0.784784
0.784784
0.784784
0.784784
0.784784
0.784784
0.784784
0.784784
0.784784
0.784784
0.784784
0.784784
0.784784
0.784784
0.784784
0.784784
0.784784
0.784784
0.784784
0.784784
0.784784
0.784784
0.784784
0.784784
0.784784
0.784784
0.784784
0.784784
0.784784
0.784784
0.784784
0.784784
0.784784
0.784784
0.784784
0.784784
0.784784
0.784784
0.784784
0.784784
0.784784
0.784784
0.784784
0.784784
0.784784
0.784784
0.784784
0.784784
0.784784
0.784784
0.784784
0.784784
0.784784
0.784784
0.784784
0.784784
0.784784
0.784784
0.784784
0.784784
0.784784
0.784784
0.784784
0.784792
0.784813
0.784836
0.784859
0.784881
0.784901
0.78492
0.784938
0.784956
0.784972
0.784988
0.784998
0.784998
0.784998
0.784998
