0
-4.93858e-022
-4.93858e-022
-4.93749e-022
-4.93749e-022
-3.56669e-022
-3.56669e-022
-5.13647e-022
-5.13647e-022
-3.85613e-022
-3.85613e-022
-3.85613e-022
-3.85613e-022
-3.85613e-022
-3.85613e-022
9.71634e-022
9.71634e-022
9.71634e-022
9.71634e-022
9.71634e-022
9.71634e-022
9.73517e-022
9.73517e-022
4.78396e-017
4.78396e-017
9.35635e-006
0.000216557
0.000572192
0.000995818
0.00147506
0.00203545
0.00271905
0.00357017
0.00462777
0.00592254
0.00747644
0.00930311
0.0114087
0.0137927
0.0164499
0.019371
0.0225449
0.0259593
0.0296019
0.0317784
0.0317784
0.0334465
0.037287
0.0411672
0.0451907
0.0493835
0.0537243
0.0581694
0.0626687
0.0671742
0.0716454
0.076052
0.0803746
0.0846043
0.0887403
0.0927877
0.0967554
0.100655
0.104498
0.108296
0.11206
0.1158
0.119523
0.123238
0.12695
0.130663
0.134381
0.138107
0.141842
0.145588
0.149346
0.153115
0.156895
0.160686
0.164485
0.168292
0.172105
0.175923
0.179744
0.183567
0.187392
0.191216
0.19504
0.198862
0.202683
0.206502
0.210319
0.214133
0.217946
0.221757
0.225565
0.229373
0.233179
0.236985
0.240789
0.244594
0.248398
0.252202
0.256006
0.259811
0.263616
0.267422
0.271228
0.275035
0.278843
0.282651
0.286459
0.290268
0.294077
0.297887
0.301697
0.305508
0.309318
0.313129
0.31694
0.32075
0.324561
0.328372
0.332184
0.335995
0.339806
0.343617
0.347428
0.351239
0.355051
0.358862
0.362673
0.366485
0.370297
0.374109
0.377921
0.381733
0.385546
0.389359
0.393172
0.396985
0.400798
0.404612
0.408426
0.41224
0.416054
0.419869
0.423684
0.427499
0.431314
0.435129
0.438945
0.442761
0.446576
0.450392
0.454209
0.458025
0.461841
0.465658
0.469474
0.473291
0.477108
0.480925
0.484742
0.488559
0.492376
0.496193
0.50001
0.503827
0.507644
0.511461
0.515278
0.519095
0.522912
0.526729
0.530545
0.534362
0.538178
0.541994
0.54581
0.549626
0.553441
0.557257
0.561071
0.564886
0.5687
0.572514
0.576327
0.58014
0.583953
0.587765
0.591577
0.595388
0.599198
0.603008
0.606818
0.610626
0.614435
0.618242
0.622049
0.625855
0.62966
0.633465
0.637269
0.641072
0.644874
0.648676
0.652476
0.656276
0.660075
0.663873
0.66767
0.671467
0.675262
0.679056
0.68285
0.686642
0.690434
0.694224
0.698014
0.701803
0.705591
0.709377
0.713163
0.716948
0.720732
0.724515
0.728298
0.732079
0.735859
0.739639
0.743418
0.747195
0.748845
0.748845
0.750938
0.754388
0.757577
0.760591
0.763461
0.766174
0.7687
0.771018
0.773119
0.775002
0.776673
0.77814
0.779412
0.780497
0.781404
0.782136
0.782697
0.783087
0.783272
0.783272
0.783299
0.783299
0.783306
0.783314
0.783314
0.783349
0.783349
0.783349
0.783349
0.78336
0.78336
0.783362
0.783362
0.783362
0.783362
0.783362
0.783362
0.783362
0.783362
0.783362
0.783362
0.783362
0.783362
0.783362
0.783459
0.783643
0.783825
0.783972
0.784044
0.784044
0.784072
0.784132
0.784192
0.784262
0.784342
0.784425
0.784507
0.784585
0.784643
0.784643
0.784643
0.784643
0.784643
0.784643
0.784654
0.784701
0.784739
0.784739
0.784739
0.784739
0.784746
0.784747
0.784747
0.784783
0.784784
0.784784
0.784804
0.784804
0.784807
0.784831
0.784863
0.784895
0.78492
0.784924
0.784924
0.784934
0.784934
0.784938
0.78495
0.78495
0.784954
0.784972
0.784994
0.785017
0.78503
0.78503
0.785033
0.78504
0.78504
0.785043
0.785051
0.785062
0.785074
0.785081
0.785081
0.785081
0.785081
0.785082
0.785082
0.785084
0.785093
0.785106
0.785122
0.785135
0.785145
0.785152
0.785159
0.785165
0.785168
0.785168
0.785168
0.785168
0.785172
0.785178
0.785186
0.785192
0.785192
0.785192
0.785192
0.785194
0.7852
0.785202
0.785202
0.785205
0.785205
0.785205
0.78521
0.785217
0.785224
0.78523
0.785236
0.78524
0.785245
0.78525
0.785254
0.785258
0.785262
0.785266
0.78527
0.785274
0.785278
0.785282
0.785285
0.785289
0.785293
0.785296
0.785299
0.785302
0.785306
0.785308
0.785311
0.785314
0.785317
0.785319
0.785321
0.785324
0.785326
0.785328
0.78533
0.785333
0.785335
0.785337
0.785338
0.78534
0.785342
0.785344
0.785346
0.785347
0.785349
0.78535
0.785352
0.785353
0.785355
0.785356
0.785357
0.785359
0.78536
0.785361
0.785362
0.785363
0.785364
0.785365
0.785366
0.785367
0.785368
0.785369
0.785369
0.785369
0.785369
0.78537
0.785371
0.785372
0.785373
0.785373
0.785374
0.785375
0.785375
0.785376
0.785377
0.785377
0.785378
0.785378
0.785378
0.785378
