0.349066
0.349066
0.349066
0.349066
0.349066
0.349066
0.349066
0.349066
0.349066
0.349066
0.349066
0.349066
0.349066
0.349066
0.349066
0.349064
0.349064
0.349064
0.349064
0.349064
0.349064
0.349064
0.349064
0.349064
0.349064
0.34906
0.349001
0.348834
0.348472
0.347799
0.346699
0.34509
0.342932
0.340214
0.336943
0.333133
0.328804
0.32398
0.318689
0.31296
0.306817
0.300283
0.293373
0.286098
0.281786
0.281786
0.278466
0.270499
0.262237
0.253746
0.245133
0.236511
0.227961
0.219526
0.211221
0.20305
0.195014
0.187109
0.179325
0.171644
0.164046
0.156512
0.149022
0.141561
0.134114
0.126668
0.119216
0.111748
0.104261
0.0967518
0.0892197
0.081665
0.0740889
0.0664934
0.0588812
0.051255
0.0436175
0.0359715
0.0283195
0.0206638
0.0130064
0.00534873
-0.00230777
-0.0099622
-0.0176139
-0.0252625
-0.0329078
-0.0405499
-0.048189
-0.0558253
-0.0634594
-0.0710915
-0.0787223
-0.0863521
-0.0939814
-0.101611
-0.10924
-0.11687
-0.124501
-0.132133
-0.139766
-0.1474
-0.155035
-0.162672
-0.17031
-0.177949
-0.185589
-0.193231
-0.200873
-0.208516
-0.21616
-0.223804
-0.231449
-0.239094
-0.24674
-0.254385
-0.262031
-0.269677
-0.277324
-0.28497
-0.292616
-0.300263
-0.307909
-0.315555
-0.323202
-0.330848
-0.338495
-0.346141
-0.353788
-0.361434
-0.369081
-0.376728
-0.384374
-0.392021
-0.399668
-0.407315
-0.414962
-0.422608
-0.430255
-0.437902
-0.445549
-0.453195
-0.460842
-0.468488
-0.476134
-0.48378
-0.491426
-0.499072
-0.506718
-0.514363
-0.522008
-0.529652
-0.537297
-0.544941
-0.552585
-0.560228
-0.567871
-0.575514
-0.583156
-0.590798
-0.598439
-0.60608
-0.613721
-0.621361
-0.629001
-0.63664
-0.644279
-0.651917
-0.659554
-0.667192
-0.674828
-0.682464
-0.6901
-0.697735
-0.705369
-0.713003
-0.720636
-0.728268
-0.7359
-0.743531
-0.751162
-0.758792
-0.766421
-0.774049
-0.781677
-0.789304
-0.79693
-0.804556
-0.812181
-0.819805
-0.827429
-0.835051
-0.842674
-0.850295
-0.857915
-0.865535
-0.873154
-0.880772
-0.88839
-0.896007
-0.903623
-0.911238
-0.918852
-0.926466
-0.934079
-0.941692
-0.949303
-0.956914
-0.964524
-0.972133
-0.979742
-0.98735
-0.994957
-1.00256
-1.01017
-1.01777
-1.02538
-1.03298
-1.04059
-1.04819
-1.05579
-1.06339
-1.07099
-1.07859
-1.08619
-1.09379
-1.10139
-1.10898
-1.11658
-1.12418
-1.13177
-1.13937
-1.14696
-1.15028
-1.15028
-1.15456
-1.16215
-1.16973
-1.17721
-1.18443
-1.19122
-1.19746
-1.20308
-1.20805
-1.21236
-1.21603
-1.2191
-1.22163
-1.22368
-1.22531
-1.22658
-1.22752
-1.22816
-1.22846
-1.22846
-1.22851
-1.22851
-1.22852
-1.22853
-1.22853
-1.22858
-1.22858
-1.22858
-1.22858
-1.22858
-1.22858
-1.22858
-1.22858
-1.22858
-1.22858
-1.22856
-1.22856
-1.22856
-1.22856
-1.22856
-1.22854
-1.22854
-1.22854
-1.22854
-1.22828
-1.22769
-1.22684
-1.22584
-1.22517
-1.22517
-1.22482
-1.22388
-1.22311
-1.22255
-1.22219
-1.22204
-1.22205
-1.2222
-1.22238
-1.22238
-1.22238
-1.22238
-1.22238
-1.22238
-1.22243
-1.2227
-1.22292
-1.22292
-1.22293
-1.22293
-1.22297
-1.22297
-1.22297
-1.22322
-1.22323
-1.22323
-1.22341
-1.22341
-1.22344
-1.22362
-1.2237
-1.22368
-1.22357
-1.22355
-1.22355
-1.22345
-1.22345
-1.22342
-1.2233
-1.2233
-1.22326
-1.22309
-1.22294
-1.2228
-1.22273
-1.22273
-1.22271
-1.22269
-1.22269
-1.2227
-1.22275
-1.22287
-1.22301
-1.22311
-1.22311
-1.22311
-1.22311
-1.22312
-1.22312
-1.22316
-1.2233
-1.22342
-1.22348
-1.22349
-1.22346
-1.22341
-1.22334
-1.22328
-1.22325
-1.22325
-1.22324
-1.22324
-1.22321
-1.22316
-1.22312
-1.22311
-1.22311
-1.22311
-1.22311
-1.2231
-1.2231
-1.22311
-1.22311
-1.22313
-1.22313
-1.22313
-1.22318
-1.22323
-1.22329
-1.22333
-1.22337
-1.2234
-1.22342
-1.22343
-1.22344
-1.22344
-1.22344
-1.22343
-1.22343
-1.22344
-1.22344
-1.22345
-1.22346
-1.22347
-1.22348
-1.2235
-1.22351
-1.22353
-1.22354
-1.22355
-1.22357
-1.22358
-1.22358
-1.22359
-1.2236
-1.2236
-1.22361
-1.22361
-1.22362
-1.22363
-1.22363
-1.22364
-1.22365
-1.22365
-1.22366
-1.22366
-1.22367
-1.22368
-1.22368
-1.22369
-1.22369
-1.2237
-1.2237
-1.22371
-1.22371
-1.22371
-1.22372
-1.22372
-1.22373
-1.22373
-1.22373
-1.22374
-1.22374
-1.22374
-1.22375
-1.22375
-1.22375
-1.22375
-1.22375
-1.22375
-1.22375
-1.22376
-1.22376
-1.22376
-1.22376
-1.22377
-1.22377
-1.22377
-1.22378
-1.22378
-1.22378
-1.22378
-1.22378
-1.22378
