1.5708
1.5708
1.5708
1.5708
1.5708
1.5708
1.5708
1.5708
1.5708
1.5708
1.5708
1.5708
1.5708
1.5708
1.5708
1.57079
1.57079
1.57079
1.57079
1.57079
1.57079
1.57079
1.57079
1.57079
1.57079
1.57079
1.57069
1.57039
1.56979
1.56886
1.56758
1.56588
1.56363
1.56072
1.55706
1.5526
1.5473
1.54119
1.53426
1.52656
1.51812
1.50899
1.49921
1.48883
1.48264
1.48264
1.47788
1.46646
1.45473
1.44279
1.43065
1.41831
1.40582
1.39328
1.3808
1.36847
1.35633
1.34443
1.33278
1.32137
1.31022
1.29929
1.28856
1.27801
1.2676
1.25729
1.24705
1.23686
1.22668
1.2165
1.20631
1.19608
1.18581
1.17549
1.16513
1.15472
1.14426
1.13377
1.12324
1.11269
1.10211
1.09151
1.0809
1.07028
1.05965
1.04902
1.0384
1.02777
1.01716
1.00654
0.995932
0.985328
0.974729
0.964134
0.953542
0.942954
0.932367
0.921781
0.911194
0.900608
0.890019
0.879429
0.868836
0.858241
0.847642
0.837041
0.826436
0.815828
0.805217
0.794604
0.783988
0.773369
0.762749
0.752127
0.741503
0.730878
0.720253
0.709626
0.698999
0.688371
0.677744
0.667116
0.656488
0.64586
0.635232
0.624605
0.613978
0.603351
0.592724
0.582098
0.571472
0.560846
0.550221
0.539596
0.528971
0.518347
0.507724
0.497101
0.486478
0.475856
0.465235
0.454614
0.443994
0.433375
0.422757
0.412139
0.401523
0.390908
0.380294
0.369681
0.359069
0.348459
0.33785
0.327242
0.316636
0.306032
0.295429
0.284828
0.274228
0.26363
0.253034
0.24244
0.231847
0.221257
0.210668
0.200081
0.189497
0.178914
0.168333
0.157755
0.147178
0.136604
0.126031
0.115461
0.104894
0.094328
0.0837647
0.0732036
0.0626448
0.0520884
0.0415343
0.0309825
0.020433
0.00988597
-0.000658727
-0.0112011
-0.021741
-0.0322786
-0.0428138
-0.0533466
-0.0638771
-0.0744052
-0.084931
-0.0954545
-0.105976
-0.116494
-0.127011
-0.137525
-0.148037
-0.158547
-0.169055
-0.17956
-0.190064
-0.200565
-0.211065
-0.221562
-0.232057
-0.242551
-0.253042
-0.263532
-0.27402
-0.284506
-0.29499
-0.305473
-0.315954
-0.326434
-0.336912
-0.347389
-0.357865
-0.368339
-0.378812
-0.389284
-0.399755
-0.410225
-0.420693
-0.431161
-0.441629
-0.452095
-0.462561
-0.473026
-0.48349
-0.493954
-0.504418
-0.508988
-0.508988
-0.51488
-0.525305
-0.535555
-0.545528
-0.555226
-0.564636
-0.573649
-0.5821
-0.589835
-0.596752
-0.602791
-0.607928
-0.612171
-0.615556
-0.618147
-0.62002
-0.621253
-0.621917
-0.622079
-0.622079
-0.622075
-0.622075
-0.622071
-0.622065
-0.622065
-0.621986
-0.621986
-0.621986
-0.621986
-0.621906
-0.621906
-0.621855
-0.621855
-0.621848
-0.621848
-0.621779
-0.621775
-0.621775
-0.621775
-0.621775
-0.62171
-0.62171
-0.62171
-0.62171
-0.621164
-0.620257
-0.619131
-0.617833
-0.616894
-0.616894
-0.616378
-0.614809
-0.613222
-0.611736
-0.61045
-0.609422
-0.608676
-0.608208
-0.608016
-0.608016
-0.608016
-0.608016
-0.608016
-0.608016
-0.607994
-0.607992
-0.608112
-0.608112
-0.608115
-0.608115
-0.608148
-0.608151
-0.608151
-0.608394
-0.608405
-0.608405
-0.60858
-0.60858
-0.60861
-0.60875
-0.608867
-0.608983
-0.609056
-0.609061
-0.609061
-0.609054
-0.609054
-0.609043
-0.608973
-0.608973
-0.608943
-0.60879
-0.608655
-0.608586
-0.608572
-0.608572
-0.608572
-0.608575
-0.608575
-0.608578
-0.608596
-0.608647
-0.608743
-0.608823
-0.608823
-0.608823
-0.608823
-0.608836
-0.608836
-0.608863
-0.608974
-0.60908
-0.609199
-0.609317
-0.609405
-0.609447
-0.609448
-0.609419
-0.609401
-0.609401
-0.609399
-0.609399
-0.609376
-0.60933
-0.609301
-0.609295
-0.609295
-0.609295
-0.609295
-0.609295
-0.609306
-0.609313
-0.609313
-0.609326
-0.609326
-0.609326
-0.609352
-0.609391
-0.609454
-0.609536
-0.609625
-0.609711
-0.609789
-0.609858
-0.609919
-0.609971
-0.610015
-0.610051
-0.610083
-0.610113
-0.610142
-0.610173
-0.610206
-0.610242
-0.610281
-0.610322
-0.610365
-0.610408
-0.610452
-0.610495
-0.610537
-0.610577
-0.610614
-0.61065
-0.610683
-0.610714
-0.610743
-0.610771
-0.610798
-0.610824
-0.610849
-0.610875
-0.6109
-0.610924
-0.610949
-0.610973
-0.610997
-0.61102
-0.611042
-0.611064
-0.611085
-0.611105
-0.611125
-0.611144
-0.611162
-0.611179
-0.611196
-0.611212
-0.611228
-0.611244
-0.611259
-0.611274
-0.611288
-0.611302
-0.611316
-0.611319
-0.611319
-0.611319
-0.611319
-0.611328
-0.61134
-0.611352
-0.611363
-0.611374
-0.611385
-0.611396
-0.611408
-0.611419
-0.61143
-0.611441
-0.611448
-0.611448
-0.611448
-0.611448
