-0.452336
-0.452336
-0.452336
-0.452336
-0.452336
-0.452336
-0.452336
-0.452336
-0.452336
-0.452336
-0.452336
-0.452336
-0.452336
-0.452336
-0.452336
-0.452335
-0.452335
-0.452335
-0.452335
-0.452335
-0.452335
-0.452335
-0.452335
-0.452335
-0.452335
-0.452333
-0.452292
-0.452154
-0.451838
-0.451246
-0.450285
-0.448891
-0.447024
-0.444672
-0.441832
-0.438512
-0.434726
-0.430492
-0.425832
-0.420767
-0.415318
-0.409503
-0.403338
-0.396835
-0.392976
-0.392976
-0.390004
-0.382865
-0.375467
-0.367887
-0.360229
-0.352593
-0.345054
-0.337659
-0.330428
-0.323368
-0.316476
-0.309741
-0.303147
-0.296674
-0.290301
-0.284011
-0.277787
-0.271617
-0.265492
-0.259407
-0.253357
-0.247341
-0.241359
-0.235411
-0.229501
-0.223629
-0.2178
-0.212014
-0.206276
-0.200589
-0.194954
-0.189376
-0.183856
-0.178397
-0.173001
-0.16767
-0.162406
-0.157211
-0.152085
-0.147031
-0.142049
-0.137141
-0.132307
-0.127548
-0.122866
-0.11826
-0.113732
-0.109283
-0.104913
-0.100624
-0.0964154
-0.0922886
-0.0882445
-0.0842836
-0.0804068
-0.0766149
-0.0729086
-0.0692886
-0.0657556
-0.0623103
-0.0589534
-0.0556853
-0.0525068
-0.0494184
-0.0464206
-0.0435139
-0.0406988
-0.0379755
-0.0353447
-0.0328065
-0.0303613
-0.0280093
-0.0257509
-0.0235862
-0.0215154
-0.0195386
-0.017656
-0.0158676
-0.0141735
-0.0125737
-0.0110682
-0.00965691
-0.0083398
-0.00711676
-0.00598764
-0.0049523
-0.00401052
-0.0031621
-0.00240677
-0.00174425
-0.00117423
-0.000696362
-0.000310275
-1.55653e-005
0.000188199
0.000301481
0.000324769
0.000258585
0.000103476
-0.000139981
-0.000471179
-0.000889486
-0.00139424
-0.00198475
-0.00266031
-0.00342017
-0.00426355
-0.00518967
-0.0061977
-0.0072868
-0.00845609
-0.00970467
-0.0110316
-0.012436
-0.0139168
-0.0154731
-0.0171038
-0.0188079
-0.0205843
-0.0224319
-0.0243497
-0.0263365
-0.0283911
-0.0305124
-0.0326992
-0.0349502
-0.0372642
-0.03964
-0.0420764
-0.0445719
-0.0471253
-0.0497353
-0.0524005
-0.0551196
-0.0578911
-0.0607138
-0.0635862
-0.0665069
-0.0694744
-0.0724873
-0.0755442
-0.0786435
-0.0817838
-0.0849635
-0.0881813
-0.0914355
-0.0947247
-0.0980473
-0.101402
-0.104787
-0.1082
-0.111641
-0.115107
-0.118598
-0.12211
-0.125644
-0.129197
-0.132768
-0.136355
-0.139957
-0.143571
-0.147197
-0.150832
-0.154476
-0.158126
-0.161781
-0.16544
-0.1691
-0.172761
-0.17642
-0.180076
-0.183728
-0.187374
-0.191012
-0.194641
-0.19826
-0.201866
-0.205458
-0.209036
-0.212596
-0.216139
-0.219661
-0.223163
-0.226642
-0.230097
-0.233526
-0.236929
-0.238406
-0.238406
-0.240303
-0.243639
-0.246908
-0.250057
-0.253026
-0.255765
-0.258248
-0.260468
-0.262434
-0.264156
-0.265649
-0.266932
-0.26802
-0.26893
-0.269675
-0.270266
-0.270712
-0.27102
-0.271166
-0.271166
-0.271188
-0.271188
-0.271193
-0.271199
-0.271199
-0.271226
-0.271226
-0.271226
-0.271226
-0.271233
-0.271233
-0.271233
-0.271233
-0.271232
-0.271232
-0.271229
-0.271228
-0.271228
-0.271228
-0.271228
-0.271222
-0.271222
-0.271222
-0.271222
-0.271126
-0.270905
-0.270603
-0.270269
-0.270056
-0.270056
-0.269951
-0.269678
-0.269466
-0.269315
-0.269219
-0.269169
-0.269156
-0.269168
-0.269192
-0.269192
-0.269192
-0.269192
-0.269192
-0.269192
-0.269198
-0.269238
-0.269272
-0.269272
-0.269272
-0.269272
-0.269279
-0.26928
-0.26928
-0.269318
-0.26932
-0.26932
-0.269349
-0.269349
-0.269354
-0.269384
-0.269397
-0.269391
-0.269371
-0.269366
-0.269366
-0.269349
-0.269349
-0.269343
-0.269319
-0.269319
-0.269311
-0.26928
-0.26925
-0.269223
-0.269209
-0.269209
-0.269206
-0.269201
-0.269201
-0.269202
-0.269212
-0.269234
-0.269261
-0.269281
-0.269281
-0.269281
-0.269281
-0.269284
-0.269284
-0.269291
-0.26932
-0.269343
-0.269356
-0.269357
-0.269351
-0.26934
-0.269326
-0.269312
-0.269306
-0.269306
-0.269306
-0.269306
-0.2693
-0.269291
-0.269285
-0.269283
-0.269283
-0.269283
-0.269283
-0.269282
-0.269283
-0.269284
-0.269284
-0.269288
-0.269288
-0.269288
-0.269297
-0.269307
-0.269318
-0.269328
-0.269337
-0.269345
-0.269352
-0.269357
-0.269361
-0.269364
-0.269367
-0.269369
-0.269372
-0.269375
-0.269379
-0.269383
-0.269388
-0.269393
-0.269398
-0.269404
-0.26941
-0.269415
-0.26942
-0.269425
-0.26943
-0.269434
-0.269438
-0.269441
-0.269445
-0.269448
-0.269451
-0.269454
-0.269457
-0.26946
-0.269463
-0.269467
-0.26947
-0.269473
-0.269475
-0.269478
-0.269481
-0.269484
-0.269486
-0.269489
-0.269491
-0.269493
-0.269496
-0.269498
-0.2695
-0.269502
-0.269504
-0.269506
-0.269507
-0.269509
-0.269511
-0.269513
-0.269514
-0.269516
-0.269517
-0.269518
-0.269518
-0.269518
-0.269518
-0.269519
-0.26952
-0.269522
-0.269523
-0.269524
-0.269526
-0.269527
-0.269528
-0.269529
-0.269531
-0.269532
-0.269533
-0.269533
-0.269533
-0.269533
