-0.986526
-0.986526
-0.986526
-0.986526
-0.986526
-0.986526
-0.986526
-0.986526
-0.986526
-0.986526
-0.986526
-0.986526
-0.986526
-0.986526
-0.986526
-0.986525
-0.986525
-0.986525
-0.986525
-0.986525
-0.986525
-0.986525
-0.986525
-0.986525
-0.986525
-0.986522
-0.986477
-0.986307
-0.985892
-0.9851
-0.983808
-0.981925
-0.979395
-0.976186
-0.97228
-0.967667
-0.962342
-0.956301
-0.949545
-0.942072
-0.93388
-0.924963
-0.915313
-0.904919
-0.898648
-0.898648
-0.893767
-0.881865
-0.869278
-0.856132
-0.842589
-0.828813
-0.814938
-0.801062
-0.787249
-0.773536
-0.759938
-0.746452
-0.733064
-0.719749
-0.706482
-0.693237
-0.679991
-0.666728
-0.653432
-0.640096
-0.626713
-0.613283
-0.599807
-0.586288
-0.572731
-0.559142
-0.545529
-0.531901
-0.518267
-0.504637
-0.491021
-0.477431
-0.463877
-0.450372
-0.436924
-0.423546
-0.410247
-0.397036
-0.383925
-0.37092
-0.358032
-0.345267
-0.332635
-0.320142
-0.307796
-0.295605
-0.283574
-0.271711
-0.260024
-0.248517
-0.237198
-0.226074
-0.21515
-0.204433
-0.193929
-0.183645
-0.173587
-0.16376
-0.15417
-0.144823
-0.135724
-0.12688
-0.118295
-0.109974
-0.101923
-0.0941456
-0.0866466
-0.0794304
-0.0725011
-0.0658625
-0.0595184
-0.0534721
-0.0477269
-0.0422858
-0.0371515
-0.0323266
-0.0278134
-0.023614
-0.0197303
-0.0161639
-0.0129162
-0.00998846
-0.00738158
-0.0050963
-0.00313315
-0.0014924
-0.00017411
0.000821906
0.00149605
0.00184895
0.00188148
0.00159471
0.000989975
6.88084e-005
-0.00116702
-0.0027155
-0.00457444
-0.00674137
-0.00921365
-0.0119884
-0.0150625
-0.0184326
-0.0220953
-0.0260468
-0.0302831
-0.0348001
-0.0395935
-0.0446587
-0.049991
-0.0555855
-0.0614371
-0.0675404
-0.0738901
-0.0804804
-0.0873055
-0.0943595
-0.101636
-0.10913
-0.116833
-0.124739
-0.132842
-0.141135
-0.149611
-0.158263
-0.167083
-0.176063
-0.185198
-0.194478
-0.203897
-0.213446
-0.223117
-0.232903
-0.242796
-0.252788
-0.26287
-0.273034
-0.283272
-0.293575
-0.303936
-0.314346
-0.324796
-0.335278
-0.345784
-0.356304
-0.366832
-0.377358
-0.387874
-0.398371
-0.408841
-0.419275
-0.429666
-0.440006
-0.450284
-0.460495
-0.470629
-0.480679
-0.490636
-0.500493
-0.510242
-0.519874
-0.529384
-0.538762
-0.548001
-0.557095
-0.566036
-0.574817
-0.583431
-0.591871
-0.600131
-0.608204
-0.616083
-0.623763
-0.631237
-0.638499
-0.645544
-0.652367
-0.65896
-0.66532
-0.671442
-0.67732
-0.682949
-0.688326
-0.693445
-0.698304
-0.702897
-0.70722
-0.711272
-0.712955
-0.712955
-0.715046
-0.718525
-0.72166
-0.72438
-0.72662
-0.728363
-0.729655
-0.730587
-0.731261
-0.73177
-0.732187
-0.732563
-0.732927
-0.73329
-0.733649
-0.733993
-0.734307
-0.734578
-0.734751
-0.734751
-0.734785
-0.734785
-0.734793
-0.734805
-0.734805
-0.734871
-0.734871
-0.734871
-0.734871
-0.734907
-0.734907
-0.734923
-0.734923
-0.734925
-0.734925
-0.734943
-0.734944
-0.734944
-0.734944
-0.734944
-0.734957
-0.734957
-0.734957
-0.734957
-0.735002
-0.735001
-0.734991
-0.735033
-0.735111
-0.735111
-0.73517
-0.735407
-0.735711
-0.736032
-0.736322
-0.736549
-0.736699
-0.73677
-0.736775
-0.736775
-0.736775
-0.736775
-0.736775
-0.736775
-0.736771
-0.736717
-0.736645
-0.736645
-0.736643
-0.736643
-0.736627
-0.736626
-0.736626
-0.736521
-0.736517
-0.736517
-0.736443
-0.736443
-0.73643
-0.736367
-0.736323
-0.736292
-0.736281
-0.736282
-0.736282
-0.736292
-0.736292
-0.736297
-0.736325
-0.736325
-0.736336
-0.736388
-0.736433
-0.73646
-0.736467
-0.736467
-0.736468
-0.736468
-0.736468
-0.736466
-0.736456
-0.736434
-0.736401
-0.736375
-0.736375
-0.736375
-0.736375
-0.736371
-0.736371
-0.736362
-0.736325
-0.736292
-0.736257
-0.736225
-0.736201
-0.73619
-0.736191
-0.736201
-0.736208
-0.736208
-0.736209
-0.736209
-0.736218
-0.736236
-0.73625
-0.736255
-0.736255
-0.736255
-0.736255
-0.736255
-0.736253
-0.736251
-0.736251
-0.736246
-0.736246
-0.736246
-0.736234
-0.736219
-0.7362
-0.736179
-0.736159
-0.736142
-0.736127
-0.736116
-0.736107
-0.736101
-0.736097
-0.736095
-0.736095
-0.736094
-0.736094
-0.736093
-0.736091
-0.736089
-0.736085
-0.73608
-0.736075
-0.73607
-0.736064
-0.736059
-0.736054
-0.736049
-0.736045
-0.736041
-0.736038
-0.736035
-0.736033
-0.73603
-0.736028
-0.736026
-0.736024
-0.736022
-0.736019
-0.736017
-0.736014
-0.736012
-0.736009
-0.736007
-0.736005
-0.736003
-0.736
-0.735998
-0.735997
-0.735995
-0.735993
-0.735991
-0.73599
-0.735988
-0.735987
-0.735985
-0.735984
-0.735982
-0.735981
-0.73598
-0.735978
-0.735978
-0.735978
-0.735978
-0.735978
-0.735977
-0.735977
-0.735976
-0.735975
-0.735974
-0.735973
-0.735971
-0.73597
-0.735968
-0.735967
-0.735966
-0.735965
-0.735965
-0.735965
-0.735965
