1.35124
1.35124
1.35124
1.35124
1.35124
1.35124
1.35124
1.35124
1.35124
1.35124
1.35124
1.35124
1.35124
1.35124
1.35124
1.35124
1.35124
1.35124
1.35124
1.35124
1.35124
1.35124
1.35124
1.35124
1.35124
1.35125
1.35136
1.35169
1.35236
1.35349
1.3552
1.3576
1.36078
1.36484
1.36982
1.37574
1.3826
1.39037
1.39901
1.40848
1.41872
1.42969
1.44133
1.4536
1.46087
1.46087
1.46646
1.47982
1.49354
1.50751
1.52162
1.53576
1.54985
1.56379
1.57749
1.59089
1.60396
1.6167
1.62909
1.64114
1.65288
1.66434
1.67553
1.68649
1.69725
1.70783
1.71825
1.72854
1.73871
1.74876
1.7587
1.76854
1.77828
1.78791
1.79742
1.80682
1.81609
1.82523
1.83422
1.84307
1.85176
1.8603
1.86866
1.87685
1.88486
1.89269
1.90033
1.90778
1.91505
1.92211
1.92899
1.93566
1.94213
1.94841
1.95448
1.96034
1.966
1.97145
1.97669
1.98173
1.98654
1.99115
1.99554
1.99971
2.00366
2.00739
2.01089
2.01418
2.01723
2.02006
2.02266
2.02503
2.02717
2.02907
2.03074
2.03217
2.03337
2.03432
2.03504
2.03552
2.03576
2.03576
2.03552
2.03503
2.0343
2.03333
2.03211
2.03065
2.02894
2.02699
2.0248
2.02236
2.01967
2.01674
2.01357
2.01015
2.00648
2.00258
1.99843
1.99403
1.98939
1.98452
1.97939
1.97403
1.96843
1.96259
1.95652
1.9502
1.94366
1.93687
1.92986
1.92261
1.91513
1.90743
1.89949
1.89133
1.88295
1.87435
1.86553
1.85649
1.84723
1.83777
1.82809
1.8182
1.8081
1.79781
1.78731
1.77661
1.76571
1.75463
1.74335
1.73189
1.72024
1.70841
1.6964
1.68422
1.67186
1.65934
1.64665
1.63381
1.6208
1.60764
1.59433
1.58088
1.56728
1.55354
1.53967
1.52566
1.51153
1.49728
1.4829
1.46842
1.45382
1.43912
1.42431
1.40941
1.39442
1.37933
1.36416
1.34892
1.3336
1.3182
1.30274
1.28722
1.27165
1.25602
1.24034
1.22462
1.20887
1.19308
1.17726
1.16141
1.14555
1.12967
1.11379
1.09789
1.082
1.06611
1.05023
1.03436
1.01851
1.00269
0.986886
0.971117
0.955385
0.939693
0.924046
0.908448
0.892904
0.877418
0.861994
0.846637
0.83135
0.824696
0.824696
0.816139
0.801037
0.786148
0.771626
0.757651
0.744416
0.732111
0.720894
0.710877
0.702111
0.694595
0.688282
0.683092
0.678923
0.675668
0.673222
0.671494
0.670416
0.669995
0.669995
0.66995
0.66995
0.669941
0.669931
0.669931
0.669917
0.669917
0.669917
0.669917
0.669952
0.669952
0.669984
0.669984
0.669989
0.669989
0.670042
0.670045
0.670045
0.670045
0.670045
0.670101
0.670101
0.670101
0.670101
0.670688
0.671832
0.673378
0.675189
0.676449
0.676449
0.677114
0.679002
0.680717
0.682154
0.683252
0.683989
0.684383
0.68448
0.684383
0.684383
0.684383
0.684383
0.684383
0.684383
0.684343
0.684045
0.68373
0.68373
0.683723
0.683723
0.683658
0.683652
0.683652
0.683249
0.68323
0.68323
0.682938
0.682938
0.682882
0.68261
0.682455
0.682422
0.682504
0.682533
0.682533
0.68264
0.68264
0.682682
0.682862
0.682862
0.682922
0.683185
0.68343
0.683619
0.683708
0.683708
0.683726
0.683748
0.683748
0.683743
0.683669
0.683516
0.683307
0.683153
0.683153
0.683153
0.683153
0.683129
0.683129
0.683075
0.682853
0.682669
0.682536
0.682463
0.68245
0.682486
0.682559
0.682651
0.682695
0.682695
0.682699
0.682699
0.682745
0.682828
0.682886
0.682908
0.682908
0.682908
0.682908
0.682912
0.682903
0.682892
0.682892
0.682863
0.682863
0.682862
0.682796
0.682712
0.682618
0.682524
0.682436
0.68236
0.682296
0.682246
0.682209
0.682181
0.68216
0.682143
0.682127
0.68211
0.68209
0.682065
0.682036
0.682004
0.681967
0.681929
0.68189
0.68185
0.681812
0.681776
0.681742
0.68171
0.681681
0.681655
0.681631
0.681608
0.681587
0.681566
0.681545
0.681525
0.681505
0.681484
0.681464
0.681443
0.681423
0.681403
0.681384
0.681365
0.681347
0.68133
0.681313
0.681297
0.681282
0.681267
0.681253
0.681239
0.681226
0.681213
0.6812
0.681188
0.681176
0.681164
0.681153
0.681142
0.681131
0.681128
0.681128
0.681128
0.681128
0.68112
0.68111
0.6811
0.68109
0.681079
0.681068
0.681057
0.681046
0.681035
0.681024
0.681013
0.681007
0.681007
0.681007
0.681007
