0.482179
0.482179
0.482179
0.482179
0.482179
0.482179
0.482179
0.482179
0.482179
0.482179
0.482179
0.482179
0.482179
0.482179
0.482179
0.482179
0.482179
0.482179
0.482179
0.482179
0.482179
0.482179
0.482179
0.482179
0.482179
0.482179
0.482193
0.482297
0.482583
0.483128
0.48399
0.48521
0.486818
0.488827
0.491234
0.494021
0.49716
0.500616
0.504347
0.508311
0.512463
0.516757
0.521147
0.525586
0.528124
0.528124
0.530029
0.534427
0.538703
0.542752
0.546483
0.549834
0.552762
0.555248
0.55729
0.558906
0.560129
0.560995
0.561542
0.5618
0.561794
0.561539
0.561045
0.560312
0.55934
0.558121
0.556647
0.554911
0.552903
0.550618
0.548049
0.545194
0.54205
0.538618
0.534897
0.53089
0.5266
0.522029
0.517182
0.512064
0.506678
0.501029
0.495121
0.48896
0.482549
0.475894
0.468997
0.461864
0.454499
0.446904
0.439085
0.431044
0.422786
0.414313
0.405631
0.396742
0.38765
0.378361
0.368878
0.359205
0.349348
0.339311
0.329099
0.318718
0.308173
0.297469
0.286613
0.275609
0.264465
0.253187
0.24178
0.230251
0.218607
0.206854
0.194998
0.183047
0.171007
0.158884
0.146686
0.134419
0.12209
0.109706
0.0972741
0.0848004
0.0722922
0.0597564
0.0471997
0.0346291
0.0220515
0.0094737
-0.00309734
-0.0156548
-0.0281917
-0.0407014
-0.0531769
-0.0656115
-0.0779983
-0.0903307
-0.102602
-0.114805
-0.126934
-0.138982
-0.150942
-0.162809
-0.174575
-0.186234
-0.197781
-0.209209
-0.220511
-0.231683
-0.242717
-0.253609
-0.264353
-0.274943
-0.285374
-0.295639
-0.305736
-0.315657
-0.325398
-0.334954
-0.344321
-0.353494
-0.362469
-0.37124
-0.379805
-0.388159
-0.396298
-0.404219
-0.411917
-0.41939
-0.426635
-0.433647
-0.440425
-0.446965
-0.453265
-0.459322
-0.465135
-0.470701
-0.476018
-0.481084
-0.485898
-0.490458
-0.494763
-0.498812
-0.502605
-0.50614
-0.509416
-0.512435
-0.515194
-0.517695
-0.519936
-0.52192
-0.523646
-0.525115
-0.526327
-0.527284
-0.527986
-0.528436
-0.528635
-0.528583
-0.528284
-0.527739
-0.52695
-0.525919
-0.52465
-0.523143
-0.521403
-0.519433
-0.517234
-0.51481
-0.512165
-0.509303
-0.506225
-0.502937
-0.499442
-0.495744
-0.491848
-0.487756
-0.483474
-0.479006
-0.474356
-0.469529
-0.46453
-0.459364
-0.454035
-0.448548
-0.442908
-0.437121
-0.431192
-0.425125
-0.418927
-0.412602
-0.406157
-0.403305
-0.403305
-0.399596
-0.392958
-0.386349
-0.379904
-0.373738
-0.367928
-0.362525
-0.357558
-0.353034
-0.34895
-0.345299
-0.342075
-0.339273
-0.33689
-0.334918
-0.333348
-0.33217
-0.331374
-0.331012
-0.331012
-0.330962
-0.330962
-0.33095
-0.330936
-0.330936
-0.330878
-0.330878
-0.330878
-0.330878
-0.330869
-0.330869
-0.330872
-0.330872
-0.330873
-0.330873
-0.330886
-0.330887
-0.330887
-0.330887
-0.330887
-0.330905
-0.330905
-0.330905
-0.330905
-0.331155
-0.331696
-0.33239
-0.333114
-0.333562
-0.333562
-0.333782
-0.334352
-0.334813
-0.335172
-0.335447
-0.335657
-0.335814
-0.335929
-0.335994
-0.335994
-0.335994
-0.335994
-0.335994
-0.335994
-0.336006
-0.336049
-0.336063
-0.336063
-0.336064
-0.336064
-0.336064
-0.336064
-0.336064
-0.336061
-0.33606
-0.33606
-0.336055
-0.336055
-0.336054
-0.33605
-0.336043
-0.336032
-0.336023
-0.336023
-0.336023
-0.336024
-0.336024
-0.336026
-0.336036
-0.336036
-0.336041
-0.336064
-0.336085
-0.336099
-0.336103
-0.336103
-0.336104
-0.336106
-0.336106
-0.336107
-0.336105
-0.336097
-0.336079
-0.336064
-0.336064
-0.336064
-0.336064
-0.336062
-0.336062
-0.336057
-0.336035
-0.336016
-0.335998
-0.335983
-0.335976
-0.335976
-0.335982
-0.33599
-0.335993
-0.335993
-0.335993
-0.335993
-0.335996
-0.336
-0.336
-0.335998
-0.335998
-0.335998
-0.335998
-0.335997
-0.335994
-0.335993
-0.335993
-0.335992
-0.335992
-0.335992
-0.335989
-0.335984
-0.335973
-0.335956
-0.335936
-0.335914
-0.335893
-0.335873
-0.335855
-0.335837
-0.335821
-0.335806
-0.335792
-0.335778
-0.335763
-0.335748
-0.335733
-0.335718
-0.335703
-0.335687
-0.335671
-0.335655
-0.33564
-0.335625
-0.33561
-0.335596
-0.335582
-0.335569
-0.335557
-0.335545
-0.335533
-0.335522
-0.335511
-0.3355
-0.33549
-0.33548
-0.33547
-0.33546
-0.335451
-0.335441
-0.335432
-0.335424
-0.335415
-0.335407
-0.335399
-0.335391
-0.335384
-0.335376
-0.335369
-0.335362
-0.335356
-0.335349
-0.335343
-0.335337
-0.335331
-0.335325
-0.33532
-0.335314
-0.335309
-0.335308
-0.335308
-0.335308
-0.335308
-0.335304
-0.335298
-0.335293
-0.335289
-0.335285
-0.335281
-0.335277
-0.335273
-0.335269
-0.335265
-0.335261
-0.335258
-0.335258
-0.335258
-0.335258
