-0.835159
-0.835159
-0.835159
-0.835159
-0.835159
-0.835159
-0.835159
-0.835159
-0.835159
-0.835159
-0.835159
-0.835159
-0.835159
-0.835159
-0.835159
-0.835158
-0.835158
-0.835158
-0.835158
-0.835158
-0.835158
-0.835158
-0.835158
-0.835158
-0.835158
-0.835155
-0.835105
-0.834925
-0.834499
-0.833699
-0.832405
-0.830527
-0.828008
-0.824816
-0.820937
-0.816363
-0.811095
-0.80514
-0.798505
-0.791201
-0.783235
-0.774613
-0.765337
-0.755408
-0.749448
-0.749448
-0.744823
-0.733599
-0.721805
-0.709562
-0.69702
-0.684328
-0.671609
-0.65895
-0.646407
-0.63401
-0.62177
-0.609684
-0.597735
-0.585901
-0.574156
-0.562475
-0.550837
-0.539224
-0.527622
-0.516023
-0.50442
-0.49281
-0.481195
-0.469575
-0.457955
-0.44634
-0.434736
-0.42315
-0.41159
-0.400064
-0.388581
-0.377149
-0.365777
-0.354474
-0.343248
-0.332108
-0.321062
-0.310116
-0.299279
-0.288556
-0.277954
-0.26748
-0.257138
-0.246934
-0.236874
-0.226963
-0.217206
-0.207607
-0.198171
-0.188903
-0.179808
-0.17089
-0.162154
-0.153604
-0.145244
-0.137078
-0.129112
-0.121348
-0.113792
-0.106446
-0.0993147
-0.0924018
-0.0857107
-0.0792448
-0.0730073
-0.0670013
-0.0612297
-0.0556952
-0.0504004
-0.0453477
-0.0405394
-0.0359775
-0.0316638
-0.0276002
-0.0237881
-0.020229
-0.0169239
-0.0138739
-0.0110798
-0.00854242
-0.00626209
-0.00423919
-0.00247387
-0.000966105
0.000284301
0.00127771
0.00201466
0.00249586
0.00272219
0.00269469
0.00241458
0.00188325
0.00110225
7.33156e-005
-0.00120168
-0.00272067
-0.00448144
-0.00648162
-0.00871866
-0.0111899
-0.0138924
-0.0168232
-0.0199791
-0.0233569
-0.026953
-0.0307638
-0.0347857
-0.0390147
-0.0434468
-0.0480778
-0.0529035
-0.0579194
-0.063121
-0.0685036
-0.0740626
-0.0797928
-0.0856895
-0.0917474
-0.0979614
-0.104326
-0.110836
-0.117486
-0.12427
-0.131183
-0.138219
-0.145371
-0.152635
-0.160004
-0.167472
-0.175033
-0.182682
-0.19041
-0.198214
-0.206086
-0.214019
-0.222009
-0.230048
-0.238129
-0.246247
-0.254396
-0.262568
-0.270757
-0.278957
-0.287162
-0.295365
-0.303559
-0.311739
-0.319898
-0.328029
-0.336127
-0.344186
-0.352198
-0.360158
-0.36806
-0.375898
-0.383666
-0.391357
-0.398967
-0.406488
-0.413917
-0.421246
-0.428471
-0.435586
-0.442586
-0.449465
-0.456218
-0.46284
-0.469327
-0.475674
-0.481875
-0.487926
-0.493823
-0.499561
-0.505136
-0.510544
-0.515781
-0.520843
-0.525726
-0.530427
-0.534943
-0.539269
-0.543404
-0.547343
-0.551084
-0.554624
-0.557961
-0.561092
-0.562395
-0.562395
-0.564015
-0.566714
-0.569156
-0.571284
-0.573042
-0.574413
-0.57543
-0.576164
-0.576698
-0.577103
-0.577437
-0.577739
-0.578032
-0.578326
-0.578618
-0.578898
-0.579155
-0.579377
-0.57952
-0.57952
-0.579547
-0.579547
-0.579554
-0.579564
-0.579564
-0.579618
-0.579618
-0.579618
-0.579618
-0.579648
-0.579648
-0.579661
-0.579661
-0.579663
-0.579663
-0.579677
-0.579678
-0.579678
-0.579678
-0.579678
-0.579688
-0.579688
-0.579688
-0.579688
-0.579725
-0.57972
-0.579704
-0.579728
-0.579784
-0.579784
-0.579828
-0.580012
-0.580253
-0.580512
-0.580749
-0.580939
-0.581068
-0.581135
-0.581147
-0.581147
-0.581147
-0.581147
-0.581147
-0.581147
-0.581145
-0.581109
-0.581057
-0.581057
-0.581055
-0.581055
-0.581043
-0.581042
-0.581042
-0.580963
-0.580959
-0.580959
-0.580903
-0.580903
-0.580893
-0.580847
-0.580813
-0.580786
-0.580773
-0.580773
-0.580773
-0.580779
-0.580779
-0.580782
-0.580802
-0.580802
-0.58081
-0.580849
-0.580882
-0.580901
-0.580905
-0.580905
-0.580905
-0.580904
-0.580904
-0.580903
-0.580896
-0.580881
-0.580857
-0.580838
-0.580838
-0.580838
-0.580838
-0.580835
-0.580835
-0.580828
-0.580802
-0.580777
-0.58075
-0.580723
-0.580702
-0.580691
-0.58069
-0.580697
-0.580702
-0.580702
-0.580703
-0.580703
-0.580709
-0.580723
-0.580733
-0.580737
-0.580737
-0.580737
-0.580737
-0.580737
-0.580736
-0.580734
-0.580734
-0.58073
-0.58073
-0.58073
-0.580722
-0.580711
-0.580696
-0.58068
-0.580664
-0.580649
-0.580638
-0.580628
-0.58062
-0.580615
-0.580611
-0.580609
-0.580608
-0.580608
-0.580607
-0.580606
-0.580604
-0.580602
-0.580599
-0.580595
-0.580591
-0.580587
-0.580582
-0.580577
-0.580573
-0.580569
-0.580565
-0.580562
-0.580559
-0.580557
-0.580554
-0.580552
-0.58055
-0.580549
-0.580547
-0.580545
-0.580543
-0.580541
-0.580539
-0.580537
-0.580534
-0.580532
-0.58053
-0.580528
-0.580527
-0.580525
-0.580523
-0.580522
-0.58052
-0.580519
-0.580517
-0.580516
-0.580515
-0.580513
-0.580512
-0.580511
-0.58051
-0.580509
-0.580507
-0.580507
-0.580507
-0.580507
-0.580507
-0.580507
-0.580506
-0.580506
-0.580505
-0.580504
-0.580503
-0.580501
-0.5805
-0.580499
-0.580498
-0.580497
-0.580496
-0.580496
-0.580496
-0.580496
