-0.259808
-0.259808
-0.259808
-0.259808
-0.259808
-0.259808
-0.259808
-0.259808
-0.259808
-0.259808
-0.259808
-0.259808
-0.259808
-0.259808
-0.259808
-0.259808
-0.259808
-0.259808
-0.259808
-0.259808
-0.259808
-0.259808
-0.259808
-0.259808
-0.259808
-0.259807
-0.259802
-0.259774
-0.259702
-0.259566
-0.259348
-0.259034
-0.258614
-0.258081
-0.257431
-0.256663
-0.255775
-0.254768
-0.253643
-0.2524
-0.25104
-0.249563
-0.24797
-0.246259
-0.245229
-0.245229
-0.244428
-0.242479
-0.240423
-0.238284
-0.236089
-0.233865
-0.231635
-0.229415
-0.227216
-0.225042
-0.222893
-0.220764
-0.218648
-0.216539
-0.214428
-0.212309
-0.210176
-0.208025
-0.205854
-0.203662
-0.201447
-0.199209
-0.196949
-0.194667
-0.192364
-0.190041
-0.187697
-0.185333
-0.18295
-0.180547
-0.178126
-0.175686
-0.173228
-0.170753
-0.168259
-0.165749
-0.163222
-0.160679
-0.158119
-0.155544
-0.152953
-0.150346
-0.147725
-0.145088
-0.142437
-0.139771
-0.137091
-0.134397
-0.131689
-0.128968
-0.126234
-0.123487
-0.120727
-0.117954
-0.11517
-0.112373
-0.109565
-0.106746
-0.103916
-0.101075
-0.0982238
-0.0953623
-0.092491
-0.0896102
-0.0867201
-0.083821
-0.0809132
-0.077997
-0.0750727
-0.0721407
-0.0692011
-0.0662542
-0.0633005
-0.0603401
-0.0573733
-0.0544005
-0.0514219
-0.0484379
-0.0454487
-0.0424546
-0.039456
-0.036453
-0.0334461
-0.0304354
-0.0274214
-0.0244043
-0.0213843
-0.0183619
-0.0153373
-0.0123107
-0.00928259
-0.00625316
-0.00322272
-0.000191582
0.00283995
0.00587158
0.008903
0.0119339
0.014964
0.017993
0.0210205
0.0240464
0.0270702
0.0300916
0.0331105
0.0361264
0.039139
0.0421481
0.0451533
0.0481543
0.0511509
0.0541427
0.0571294
0.0601107
0.0630863
0.0660559
0.0690191
0.0719758
0.0749255
0.077868
0.0808029
0.08373
0.0866489
0.0895594
0.092461
0.0953536
0.0982369
0.10111
0.103974
0.106827
0.10967
0.112501
0.115322
0.118131
0.120928
0.123713
0.126485
0.129245
0.131992
0.134725
0.137445
0.140151
0.142843
0.14552
0.148182
0.15083
0.153461
0.156078
0.158678
0.161262
0.163829
0.16638
0.168913
0.171429
0.173928
0.176408
0.17887
0.181314
0.183739
0.186145
0.188532
0.190899
0.193246
0.195573
0.19788
0.200167
0.202432
0.204677
0.2069
0.209101
0.211281
0.213439
0.215575
0.217688
0.219778
0.221845
0.22389
0.225911
0.227908
0.229882
0.231831
0.233757
0.235658
0.237534
0.239386
0.241212
0.243014
0.243793
0.243793
0.24479
0.246532
0.248215
0.249807
0.25128
0.252621
0.253827
0.254904
0.255865
0.256719
0.257476
0.258144
0.258726
0.259225
0.259642
0.259978
0.260236
0.260415
0.2605
0.2605
0.260513
0.260513
0.260516
0.26052
0.26052
0.260537
0.260537
0.260537
0.260537
0.260542
0.260542
0.260543
0.260543
0.260543
0.260543
0.260542
0.260542
0.260542
0.260542
0.260542
0.26054
0.26054
0.26054
0.26054
0.260495
0.26039
0.260254
0.260116
0.260036
0.260036
0.259998
0.259908
0.259846
0.259805
0.259778
0.259759
0.259743
0.259728
0.259717
0.259717
0.259717
0.259717
0.259717
0.259717
0.259714
0.259702
0.259693
0.259693
0.259693
0.259693
0.259692
0.259692
0.259692
0.259683
0.259683
0.259683
0.259678
0.259678
0.259677
0.259672
0.25967
0.259669
0.259669
0.259669
0.259669
0.25967
0.25967
0.25967
0.25967
0.25967
0.25967
0.25967
0.25967
0.259669
0.259669
0.259669
0.259668
0.259668
0.259668
0.259668
0.259667
0.259667
0.259668
0.259669
0.259669
0.259669
0.259669
0.259669
0.259669
0.259669
0.25967
0.259671
0.259672
0.259672
0.259671
0.259669
0.259668
0.259667
0.259667
0.259667
0.259667
0.259667
0.259667
0.259668
0.259669
0.25967
0.25967
0.25967
0.25967
0.25967
0.259671
0.259671
0.259671
0.259671
0.259671
0.259671
0.25967
0.25967
0.259671
0.259672
0.259674
0.259677
0.259679
0.259682
0.259685
0.259688
0.25969
0.259693
0.259696
0.259698
0.259701
0.259704
0.259707
0.259709
0.259712
0.259715
0.259717
0.25972
0.259722
0.259725
0.259727
0.259729
0.259732
0.259734
0.259736
0.259738
0.25974
0.259742
0.259744
0.259746
0.259747
0.259749
0.259751
0.259752
0.259754
0.259756
0.259757
0.259759
0.25976
0.259761
0.259763
0.259764
0.259765
0.259767
0.259768
0.259769
0.25977
0.259771
0.259772
0.259773
0.259774
0.259775
0.259776
0.259777
0.259778
0.259778
0.259778
0.259778
0.259778
0.259779
0.25978
0.259781
0.259782
0.259782
0.259783
0.259784
0.259784
0.259785
0.259785
0.259786
0.259787
0.259787
0.259787
0.259787
