0.261157
0.261157
0.261157
0.261157
0.261157
0.261157
0.261157
0.261157
0.261157
0.261157
0.261157
0.261157
0.261157
0.261157
0.261157
0.261156
0.261156
0.261156
0.261156
0.261156
0.261156
0.261156
0.261156
0.261156
0.261156
0.261155
0.261155
0.261188
0.261294
0.261497
0.261812
0.262251
0.262823
0.263534
0.264384
0.265365
0.266465
0.267669
0.268961
0.270324
0.271738
0.273186
0.274648
0.276104
0.276924
0.276924
0.277533
0.278918
0.280221
0.281401
0.282429
0.283296
0.283994
0.28452
0.284874
0.285063
0.285101
0.285005
0.284791
0.28447
0.284051
0.283538
0.282934
0.282239
0.281452
0.28057
0.27959
0.278509
0.277327
0.276041
0.274651
0.273158
0.271563
0.269868
0.268074
0.266184
0.2642
0.262124
0.259959
0.257708
0.255371
0.252952
0.250452
0.247874
0.245218
0.242487
0.239682
0.236805
0.233856
0.230838
0.227751
0.224597
0.221377
0.218092
0.214744
0.211334
0.207863
0.204332
0.200744
0.197099
0.193399
0.189646
0.18584
0.181985
0.178081
0.17413
0.170134
0.166094
0.162013
0.157892
0.153732
0.149536
0.145306
0.141042
0.136748
0.132424
0.128072
0.123695
0.119294
0.11487
0.110426
0.105962
0.101482
0.0969866
0.0924774
0.0879563
0.083425
0.0788853
0.0743389
0.0697875
0.0652328
0.0606765
0.0561204
0.0515661
0.0470153
0.0424698
0.0379312
0.0334013
0.0288816
0.0243738
0.0198797
0.0154008
0.0109388
0.00649527
0.00207191
-0.00232972
-0.00670803
-0.0110614
-0.0153884
-0.0196873
-0.0239567
-0.028195
-0.0324008
-0.0365725
-0.0407087
-0.0448079
-0.0488687
-0.0528898
-0.0568696
-0.0608068
-0.0647
-0.068548
-0.0723494
-0.0761029
-0.0798072
-0.083461
-0.0870632
-0.0906125
-0.0941077
-0.0975477
-0.100931
-0.104257
-0.107525
-0.110733
-0.11388
-0.116965
-0.119988
-0.122947
-0.125842
-0.12867
-0.131433
-0.134128
-0.136755
-0.139313
-0.141801
-0.144219
-0.146566
-0.148841
-0.151043
-0.153172
-0.155227
-0.157208
-0.159115
-0.160945
-0.1627
-0.164379
-0.165981
-0.167505
-0.168952
-0.170322
-0.171613
-0.172826
-0.17396
-0.175015
-0.175992
-0.176889
-0.177707
-0.178445
-0.179105
-0.179684
-0.180185
-0.180606
-0.180947
-0.18121
-0.181393
-0.181498
-0.181524
-0.181471
-0.18134
-0.181131
-0.180845
-0.180481
-0.180041
-0.179523
-0.17893
-0.178261
-0.177517
-0.176699
-0.175806
-0.174839
-0.1738
-0.172688
-0.171505
-0.170966
-0.170966
-0.170251
-0.168939
-0.167603
-0.166288
-0.165023
-0.163825
-0.162698
-0.161642
-0.160653
-0.159724
-0.158854
-0.158048
-0.157313
-0.156659
-0.156094
-0.155628
-0.155265
-0.15501
-0.154886
-0.154886
-0.154867
-0.154867
-0.154863
-0.154857
-0.154857
-0.154831
-0.154831
-0.154831
-0.154831
-0.154822
-0.154822
-0.15482
-0.15482
-0.15482
-0.15482
-0.15482
-0.15482
-0.15482
-0.15482
-0.15482
-0.154822
-0.154822
-0.154822
-0.154822
-0.154875
-0.155002
-0.155158
-0.155298
-0.155369
-0.155369
-0.155399
-0.155458
-0.155485
-0.155496
-0.155504
-0.155521
-0.155552
-0.155595
-0.155635
-0.155635
-0.155635
-0.155635
-0.155635
-0.155635
-0.155645
-0.155697
-0.155738
-0.155738
-0.155738
-0.155738
-0.155746
-0.155746
-0.155746
-0.155788
-0.15579
-0.15579
-0.155819
-0.155819
-0.155825
-0.155853
-0.155866
-0.155865
-0.155853
-0.155849
-0.155849
-0.155839
-0.155839
-0.155835
-0.15582
-0.15582
-0.155816
-0.155798
-0.155782
-0.155768
-0.155761
-0.155761
-0.155759
-0.155758
-0.155758
-0.155758
-0.155766
-0.155778
-0.155792
-0.155802
-0.155802
-0.155802
-0.155802
-0.155804
-0.155804
-0.155807
-0.155821
-0.155832
-0.155838
-0.155839
-0.155838
-0.155835
-0.15583
-0.155823
-0.15582
-0.15582
-0.15582
-0.15582
-0.155816
-0.155809
-0.155802
-0.155799
-0.155799
-0.155799
-0.155799
-0.155798
-0.155798
-0.155799
-0.155799
-0.155801
-0.155801
-0.155801
-0.155808
-0.155814
-0.155819
-0.155821
-0.155822
-0.15582
-0.155818
-0.155814
-0.15581
-0.155805
-0.1558
-0.155795
-0.15579
-0.155785
-0.155781
-0.155777
-0.155773
-0.15577
-0.155766
-0.155763
-0.15576
-0.155757
-0.155754
-0.155751
-0.155748
-0.155745
-0.155742
-0.155739
-0.155736
-0.155733
-0.15573
-0.155727
-0.155724
-0.155722
-0.155719
-0.155717
-0.155714
-0.155712
-0.15571
-0.155708
-0.155706
-0.155704
-0.155702
-0.1557
-0.155698
-0.155696
-0.155695
-0.155693
-0.155691
-0.15569
-0.155688
-0.155687
-0.155685
-0.155684
-0.155682
-0.155681
-0.15568
-0.155678
-0.155677
-0.155677
-0.155677
-0.155677
-0.155677
-0.155676
-0.155674
-0.155673
-0.155672
-0.155671
-0.15567
-0.155669
-0.155668
-0.155668
-0.155667
-0.155666
-0.155665
-0.155665
-0.155665
-0.155665
