1.28986
1.28986
1.28986
1.28986
1.28986
1.28986
1.28986
1.28986
1.28986
1.28986
1.28986
1.28986
1.28986
1.28986
1.28986
1.28986
1.28986
1.28986
1.28986
1.28986
1.28986
1.28986
1.28986
1.28986
1.28986
1.28986
1.28994
1.29019
1.2907
1.29155
1.29285
1.29467
1.29709
1.30016
1.30393
1.3084
1.31357
1.3194
1.32587
1.33295
1.34058
1.34873
1.35736
1.36644
1.3718
1.3718
1.37592
1.38575
1.39582
1.40604
1.41633
1.42661
1.43682
1.44688
1.45673
1.46635
1.4757
1.48478
1.4936
1.50215
1.51046
1.51853
1.52641
1.5341
1.54162
1.549
1.55624
1.56337
1.57038
1.57729
1.58411
1.59082
1.59744
1.60395
1.61036
1.61665
1.62284
1.6289
1.63484
1.64065
1.64632
1.65185
1.65724
1.66249
1.66758
1.67252
1.6773
1.68193
1.6864
1.69071
1.69485
1.69884
1.70266
1.70631
1.7098
1.71312
1.71627
1.71926
1.72208
1.72472
1.72719
1.72949
1.73162
1.73357
1.73535
1.73694
1.73837
1.73961
1.74068
1.74156
1.74226
1.74279
1.74313
1.74329
1.74327
1.74306
1.74267
1.7421
1.74134
1.7404
1.73927
1.73797
1.73647
1.7348
1.73294
1.73089
1.72867
1.72626
1.72367
1.72089
1.71794
1.7148
1.71148
1.70798
1.7043
1.70045
1.69641
1.6922
1.68781
1.68325
1.67851
1.6736
1.66852
1.66327
1.65784
1.65225
1.64649
1.64057
1.63447
1.62822
1.62181
1.61523
1.6085
1.6016
1.59456
1.58736
1.58
1.5725
1.56485
1.55705
1.54911
1.54102
1.5328
1.52443
1.51593
1.5073
1.49853
1.48963
1.48061
1.47145
1.46218
1.45278
1.44327
1.43364
1.42389
1.41403
1.40406
1.39399
1.38381
1.37353
1.36315
1.35268
1.34211
1.33145
1.3207
1.30986
1.29894
1.28794
1.27686
1.26571
1.25448
1.24319
1.23182
1.2204
1.20891
1.19736
1.18575
1.1741
1.16239
1.15063
1.13883
1.12699
1.11511
1.10319
1.09124
1.07926
1.06725
1.05522
1.04316
1.03108
1.01899
1.00689
0.994772
0.982649
0.97052
0.958389
0.946258
0.934131
0.92201
0.909898
0.897797
0.885711
0.873642
0.861593
0.849567
0.837566
0.825593
0.813651
0.801742
0.789869
0.778035
0.766242
0.754493
0.749375
0.749375
0.742791
0.731153
0.719649
0.708401
0.697566
0.687312
0.677794
0.669135
0.661417
0.654675
0.648903
0.644058
0.640075
0.636871
0.634361
0.632464
0.631114
0.630258
0.629911
0.629911
0.629871
0.629871
0.629863
0.629853
0.629853
0.629833
0.629833
0.629833
0.629833
0.629856
0.629856
0.629879
0.629879
0.629883
0.629883
0.629921
0.629923
0.629923
0.629923
0.629923
0.629965
0.629965
0.629965
0.629965
0.630415
0.631309
0.632527
0.633957
0.63495
0.63495
0.635471
0.636939
0.638254
0.639337
0.640144
0.640665
0.640919
0.640947
0.640838
0.640838
0.640838
0.640838
0.640838
0.640838
0.6408
0.640538
0.640276
0.640276
0.64027
0.64027
0.640218
0.640213
0.640213
0.639887
0.639872
0.639872
0.639636
0.639636
0.639591
0.639369
0.639246
0.639228
0.639305
0.639331
0.639331
0.639422
0.639422
0.639457
0.639605
0.639605
0.639654
0.639868
0.640066
0.640222
0.640298
0.640298
0.640313
0.640332
0.640332
0.640328
0.640266
0.640139
0.639969
0.639842
0.639842
0.639842
0.639842
0.639823
0.639823
0.639779
0.639598
0.639449
0.639346
0.639293
0.639289
0.639325
0.639387
0.639463
0.639499
0.639499
0.639503
0.639503
0.639541
0.639608
0.639656
0.639674
0.639674
0.639674
0.639674
0.639677
0.639671
0.639661
0.639661
0.639637
0.639637
0.639637
0.639582
0.639513
0.639439
0.639365
0.639297
0.639239
0.639191
0.639154
0.639127
0.639108
0.639094
0.639082
0.639072
0.639059
0.639045
0.639026
0.639004
0.638979
0.638952
0.638922
0.638892
0.638862
0.638833
0.638806
0.63878
0.638757
0.638735
0.638716
0.638698
0.638681
0.638665
0.638649
0.638634
0.638619
0.638604
0.638588
0.638573
0.638558
0.638542
0.638527
0.638513
0.638499
0.638485
0.638472
0.63846
0.638448
0.638436
0.638426
0.638415
0.638405
0.638395
0.638385
0.638376
0.638366
0.638357
0.638349
0.63834
0.638332
0.638323
0.638321
0.638321
0.638321
0.638321
0.638316
0.63831
0.638304
0.638297
0.638291
0.638283
0.638276
0.638269
0.638262
0.638254
0.638248
0.638243
0.638243
0.638243
0.638243
