1.2858
1.2858
1.2858
1.2858
1.2858
1.2858
1.2858
1.2858
1.2858
1.2858
1.2858
1.2858
1.2858
1.2858
1.2858
1.2858
1.2858
1.2858
1.2858
1.2858
1.2858
1.2858
1.2858
1.2858
1.2858
1.2858
1.28581
1.28585
1.28593
1.28608
1.28632
1.28668
1.28715
1.28774
1.28845
1.28926
1.29018
1.29118
1.29227
1.29343
1.29464
1.29591
1.29723
1.29858
1.29936
1.29936
1.29996
1.30136
1.30278
1.30419
1.30557
1.3069
1.30818
1.3094
1.31055
1.31165
1.31268
1.31365
1.31458
1.31545
1.31627
1.31706
1.3178
1.3185
1.31916
1.31979
1.32039
1.32095
1.32147
1.32196
1.32241
1.32283
1.32322
1.32356
1.32387
1.32415
1.32438
1.32458
1.32474
1.32486
1.32495
1.32499
1.325
1.32497
1.3249
1.32479
1.32465
1.32447
1.32425
1.32399
1.32369
1.32336
1.32299
1.32258
1.32213
1.32165
1.32113
1.32057
1.31997
1.31933
1.31866
1.31795
1.3172
1.31642
1.3156
1.31474
1.31384
1.3129
1.31193
1.31092
1.30987
1.30879
1.30767
1.30651
1.30531
1.30408
1.30281
1.30151
1.30016
1.29879
1.29737
1.29592
1.29443
1.29291
1.29135
1.28975
1.28812
1.28645
1.28474
1.283
1.28123
1.27942
1.27757
1.27569
1.27377
1.27182
1.26984
1.26781
1.26576
1.26367
1.26154
1.25938
1.25719
1.25496
1.2527
1.25041
1.24808
1.24572
1.24332
1.24089
1.23843
1.23594
1.23341
1.23085
1.22826
1.22564
1.22298
1.22029
1.21757
1.21482
1.21204
1.20923
1.20638
1.20351
1.2006
1.19766
1.1947
1.1917
1.18867
1.18562
1.18253
1.17941
1.17627
1.17309
1.16989
1.16666
1.1634
1.16011
1.1568
1.15345
1.15008
1.14668
1.14326
1.13981
1.13633
1.13282
1.12929
1.12573
1.12215
1.11854
1.1149
1.11124
1.10756
1.10385
1.10011
1.09635
1.09257
1.08876
1.08493
1.08108
1.0772
1.0733
1.06938
1.06543
1.06146
1.05747
1.05346
1.04943
1.04538
1.0413
1.0372
1.03309
1.02895
1.02479
1.02062
1.01642
1.0122
1.00797
1.00371
0.999442
0.995151
0.990842
0.986515
0.982171
0.977809
0.97343
0.969034
0.964621
0.960192
0.955747
0.951285
0.946809
0.942316
0.94035
0.94035
0.937809
0.933287
0.92876
0.924277
0.919937
0.915843
0.912071
0.908664
0.905647
0.903026
0.900792
0.89892
0.897377
0.896123
0.895124
0.894348
0.893771
0.893379
0.893195
0.893195
0.893169
0.893169
0.893163
0.893156
0.893156
0.893126
0.893126
0.893126
0.893126
0.893122
0.893122
0.893125
0.893125
0.893126
0.893126
0.893135
0.893135
0.893135
0.893135
0.893135
0.893147
0.893147
0.893147
0.893147
0.893309
0.89367
0.894187
0.894798
0.895213
0.895213
0.895425
0.895997
0.896468
0.896814
0.897031
0.897126
0.897117
0.897028
0.896916
0.896916
0.896916
0.896916
0.896916
0.896916
0.896887
0.896721
0.896584
0.896584
0.896581
0.896581
0.896556
0.896553
0.896553
0.896403
0.896396
0.896396
0.896287
0.896287
0.896266
0.896158
0.896107
0.896122
0.896187
0.896204
0.896204
0.89626
0.89626
0.896279
0.896357
0.896357
0.896381
0.896481
0.896575
0.896658
0.896702
0.896702
0.896712
0.896724
0.896724
0.896722
0.896687
0.896619
0.896534
0.896472
0.896472
0.896472
0.896472
0.896463
0.896463
0.896442
0.896353
0.896283
0.896245
0.896239
0.896256
0.896288
0.896327
0.896369
0.896387
0.896387
0.896389
0.896389
0.896408
0.89644
0.896463
0.896473
0.896473
0.896473
0.896473
0.896475
0.896474
0.896469
0.896469
0.896457
0.896457
0.896457
0.896428
0.896394
0.896361
0.896333
0.896311
0.896294
0.896281
0.896274
0.89627
0.89627
0.896271
0.896272
0.896272
0.896272
0.896269
0.896264
0.896258
0.89625
0.896242
0.896233
0.896223
0.896214
0.896206
0.896198
0.896192
0.896186
0.896181
0.896177
0.896173
0.896169
0.896166
0.896162
0.896159
0.896155
0.896151
0.896147
0.896143
0.896139
0.896135
0.896131
0.896127
0.896124
0.89612
0.896117
0.896114
0.896111
0.896108
0.896106
0.896103
0.896101
0.896098
0.896096
0.896093
0.896091
0.896089
0.896087
0.896084
0.896082
0.89608
0.89608
0.89608
0.89608
0.89608
0.896078
0.896077
0.896076
0.896074
0.896073
0.896071
0.896069
0.896067
0.896065
0.896063
0.896061
0.89606
0.89606
0.89606
0.89606
