0.569571
0.569571
0.569571
0.569571
0.569571
0.569571
0.569571
0.569571
0.569571
0.569571
0.569571
0.569571
0.569571
0.569571
0.569571
0.569571
0.569571
0.569571
0.569571
0.569571
0.569571
0.569571
0.569571
0.569571
0.569571
0.569571
0.569596
0.569743
0.570132
0.570865
0.572021
0.57366
0.575825
0.578536
0.581795
0.585583
0.589867
0.594604
0.599746
0.605239
0.611028
0.617058
0.623271
0.62961
0.633263
0.633263
0.63602
0.642439
0.648766
0.654864
0.660613
0.665922
0.670727
0.674994
0.678715
0.681904
0.684599
0.686841
0.688676
0.690143
0.691271
0.692084
0.692592
0.692802
0.692712
0.692316
0.691603
0.690565
0.689192
0.687474
0.685405
0.682979
0.680193
0.677044
0.673532
0.669659
0.665425
0.660834
0.65589
0.650595
0.644955
0.638974
0.632656
0.626007
0.61903
0.611731
0.604113
0.596183
0.587942
0.579397
0.570551
0.561407
0.55197
0.542245
0.532235
0.521944
0.511378
0.50054
0.489436
0.478071
0.46645
0.454579
0.442464
0.43011
0.417525
0.404716
0.391688
0.378449
0.365006
0.351368
0.337541
0.323533
0.309352
0.295007
0.280505
0.265855
0.251065
0.236144
0.2211
0.205941
0.190676
0.175315
0.159864
0.144335
0.128734
0.113071
0.0973544
0.0815937
0.0657975
0.0499748
0.0341344
0.0182852
0.00243638
-0.0134033
-0.0292248
-0.0450192
-0.0607775
-0.0764909
-0.0921505
-0.107747
-0.123273
-0.138718
-0.154075
-0.169333
-0.184486
-0.199524
-0.21444
-0.229223
-0.243868
-0.258365
-0.272706
-0.286883
-0.30089
-0.314717
-0.328359
-0.341806
-0.355052
-0.368091
-0.380914
-0.393515
-0.405889
-0.418027
-0.429924
-0.441574
-0.452971
-0.464109
-0.474982
-0.485586
-0.495915
-0.505964
-0.515728
-0.525202
-0.534383
-0.543266
-0.551848
-0.560123
-0.56809
-0.575745
-0.583084
-0.590104
-0.596804
-0.603181
-0.609232
-0.614956
-0.620351
-0.625415
-0.630147
-0.634547
-0.638613
-0.642345
-0.645742
-0.648805
-0.651534
-0.653928
-0.655989
-0.657718
-0.659115
-0.660182
-0.660921
-0.661332
-0.661419
-0.661182
-0.660626
-0.659752
-0.658563
-0.657062
-0.655252
-0.653137
-0.650721
-0.648007
-0.644999
-0.641702
-0.63812
-0.634257
-0.630119
-0.62571
-0.621035
-0.6161
-0.61091
-0.605471
-0.599788
-0.593867
-0.587715
-0.581337
-0.57474
-0.56793
-0.560914
-0.553699
-0.54629
-0.538696
-0.530922
-0.522977
-0.514867
-0.511274
-0.511274
-0.5066
-0.498224
-0.48987
-0.481713
-0.473901
-0.466537
-0.459688
-0.45339
-0.447652
-0.442471
-0.437837
-0.433745
-0.430188
-0.42716
-0.424654
-0.422657
-0.421157
-0.420141
-0.419678
-0.419678
-0.419614
-0.419614
-0.419599
-0.41958
-0.41958
-0.419505
-0.419505
-0.419505
-0.419505
-0.419492
-0.419492
-0.419496
-0.419496
-0.419497
-0.419497
-0.419513
-0.419514
-0.419514
-0.419514
-0.419514
-0.419537
-0.419537
-0.419537
-0.419537
-0.419854
-0.420543
-0.421428
-0.422353
-0.422925
-0.422925
-0.423205
-0.42393
-0.424513
-0.424965
-0.425307
-0.425565
-0.425757
-0.425895
-0.425972
-0.425972
-0.425972
-0.425972
-0.425972
-0.425972
-0.425986
-0.426035
-0.426051
-0.426051
-0.426051
-0.426051
-0.426051
-0.426051
-0.426051
-0.426044
-0.426044
-0.426044
-0.426035
-0.426035
-0.426033
-0.426027
-0.426018
-0.426005
-0.425997
-0.425997
-0.425997
-0.426
-0.426
-0.426003
-0.426018
-0.426018
-0.426024
-0.426055
-0.426084
-0.426102
-0.42611
-0.42611
-0.426111
-0.426114
-0.426114
-0.426114
-0.426112
-0.426099
-0.426075
-0.426055
-0.426055
-0.426055
-0.426055
-0.426052
-0.426052
-0.426045
-0.426016
-0.42599
-0.425967
-0.42595
-0.425942
-0.425944
-0.425953
-0.425964
-0.425968
-0.425968
-0.425969
-0.425969
-0.425973
-0.425978
-0.425978
-0.425976
-0.425976
-0.425976
-0.425976
-0.425975
-0.425971
-0.42597
-0.42597
-0.425968
-0.425968
-0.425968
-0.425965
-0.425957
-0.425942
-0.425921
-0.425895
-0.425869
-0.425843
-0.425818
-0.425795
-0.425773
-0.425754
-0.425735
-0.425717
-0.425699
-0.425681
-0.425662
-0.425644
-0.425624
-0.425605
-0.425585
-0.425565
-0.425545
-0.425526
-0.425507
-0.425488
-0.425471
-0.425453
-0.425437
-0.425421
-0.425406
-0.425392
-0.425378
-0.425364
-0.425351
-0.425338
-0.425325
-0.425313
-0.425301
-0.425289
-0.425277
-0.425266
-0.425255
-0.425244
-0.425234
-0.425224
-0.425214
-0.425205
-0.425195
-0.425187
-0.425178
-0.42517
-0.425162
-0.425154
-0.425146
-0.425139
-0.425132
-0.425125
-0.425118
-0.425111
-0.42511
-0.42511
-0.42511
-0.42511
-0.425105
-0.425098
-0.425091
-0.425086
-0.42508
-0.425076
-0.425071
-0.425066
-0.425061
-0.425056
-0.425051
-0.425047
-0.425047
-0.425047
-0.425047
