-0.986526
-0.986526
-0.986526
-0.986526
-0.986526
-0.986526
-0.986526
-0.986526
-0.986526
-0.986526
-0.986526
-0.986526
-0.986526
-0.986526
-0.986526
-0.986527
-0.986527
-0.986527
-0.986527
-0.986527
-0.986527
-0.986527
-0.986527
-0.986527
-0.986527
-0.986529
-0.986554
-0.986546
-0.98639
-0.985938
-0.98505
-0.983612
-0.981541
-0.978783
-0.975305
-0.971085
-0.966114
-0.96039
-0.953918
-0.946704
-0.938755
-0.930075
-0.920667
-0.910529
-0.904413
-0.904413
-0.899653
-0.888013
-0.875637
-0.862643
-0.849201
-0.835486
-0.821651
-0.807815
-0.794062
-0.780445
-0.766989
-0.753697
-0.740556
-0.727541
-0.714622
-0.701768
-0.688949
-0.67614
-0.663321
-0.650475
-0.63759
-0.62466
-0.611682
-0.598654
-0.585578
-0.57246
-0.559305
-0.546121
-0.532916
-0.519701
-0.506485
-0.493281
-0.480099
-0.46695
-0.453845
-0.440796
-0.427812
-0.414903
-0.402078
-0.389346
-0.376714
-0.364191
-0.351784
-0.3395
-0.327345
-0.315326
-0.30345
-0.291722
-0.280148
-0.268734
-0.257487
-0.246412
-0.235515
-0.224801
-0.214277
-0.203948
-0.193819
-0.183897
-0.174187
-0.164695
-0.155425
-0.146382
-0.137573
-0.129002
-0.120674
-0.112593
-0.104764
-0.0971918
-0.0898797
-0.0828319
-0.0760522
-0.0695443
-0.0633115
-0.0573571
-0.0516841
-0.0462953
-0.0411933
-0.0363806
-0.0318596
-0.0276321
-0.0237002
-0.0200655
-0.0167295
-0.0136935
-0.0109586
-0.00852568
-0.00639544
-0.00456839
-0.00304483
-0.00182485
-0.000908347
-0.000294997
1.572e-005
2.45366e-005
-0.000267607
-0.000859562
-0.00174997
-0.00293726
-0.00441965
-0.00619517
-0.0082616
-0.0106165
-0.0132574
-0.0161813
-0.0193853
-0.0228661
-0.0266203
-0.0306443
-0.0349342
-0.0394861
-0.0442956
-0.0493584
-0.0546698
-0.0602252
-0.0660194
-0.0720475
-0.0783039
-0.0847832
-0.0914797
-0.0983876
-0.105501
-0.112813
-0.120319
-0.12801
-0.135882
-0.143926
-0.152136
-0.160505
-0.169027
-0.177692
-0.186495
-0.195427
-0.204481
-0.21365
-0.222925
-0.232298
-0.241762
-0.251308
-0.260928
-0.270615
-0.280359
-0.290153
-0.299989
-0.309857
-0.319749
-0.329658
-0.339574
-0.349489
-0.359395
-0.369284
-0.379146
-0.388974
-0.39876
-0.408494
-0.418169
-0.427777
-0.437308
-0.446757
-0.456113
-0.46537
-0.474519
-0.483554
-0.492465
-0.501247
-0.50989
-0.518389
-0.526736
-0.534923
-0.542945
-0.550794
-0.558464
-0.565949
-0.573241
-0.580336
-0.587227
-0.593909
-0.600376
-0.606622
-0.612643
-0.618434
-0.623989
-0.629305
-0.634376
-0.6392
-0.643771
-0.648087
-0.652143
-0.653833
-0.653833
-0.655939
-0.659494
-0.662783
-0.665725
-0.668233
-0.670265
-0.671838
-0.673022
-0.673902
-0.674566
-0.675084
-0.675512
-0.675886
-0.676225
-0.676536
-0.676817
-0.677062
-0.677263
-0.677385
-0.677385
-0.677407
-0.677407
-0.677413
-0.67742
-0.67742
-0.677461
-0.677461
-0.677461
-0.677461
-0.677481
-0.677481
-0.677489
-0.677489
-0.67749
-0.67749
-0.677498
-0.677499
-0.677499
-0.677499
-0.677499
-0.677504
-0.677504
-0.677504
-0.677504
-0.677479
-0.677342
-0.677144
-0.676964
-0.67689
-0.67689
-0.676869
-0.676885
-0.676995
-0.677157
-0.677328
-0.677474
-0.677577
-0.67763
-0.677639
-0.677639
-0.677639
-0.677639
-0.677639
-0.677639
-0.677637
-0.677608
-0.677566
-0.677566
-0.677565
-0.677565
-0.677555
-0.677555
-0.677555
-0.677493
-0.67749
-0.67749
-0.677449
-0.677449
-0.677443
-0.677412
-0.677392
-0.677378
-0.677373
-0.677374
-0.677374
-0.677381
-0.677381
-0.677384
-0.677402
-0.677402
-0.677409
-0.677442
-0.677469
-0.677484
-0.677487
-0.677487
-0.677488
-0.677488
-0.677488
-0.677488
-0.677486
-0.677481
-0.677471
-0.677462
-0.677462
-0.677462
-0.677462
-0.677461
-0.677461
-0.677458
-0.677448
-0.677438
-0.677424
-0.677408
-0.677394
-0.677386
-0.677386
-0.677392
-0.677397
-0.677397
-0.677397
-0.677397
-0.677403
-0.677417
-0.677428
-0.677434
-0.677434
-0.677434
-0.677434
-0.677435
-0.677437
-0.677437
-0.677437
-0.677436
-0.677436
-0.677436
-0.677432
-0.677427
-0.677421
-0.677413
-0.677407
-0.677402
-0.6774
-0.677399
-0.677399
-0.677401
-0.677404
-0.677409
-0.677413
-0.677419
-0.677424
-0.677429
-0.677434
-0.677438
-0.677441
-0.677444
-0.677446
-0.677448
-0.67745
-0.677451
-0.677453
-0.677454
-0.677456
-0.677458
-0.67746
-0.677462
-0.677465
-0.677467
-0.677469
-0.677472
-0.677474
-0.677476
-0.677478
-0.67748
-0.677481
-0.677483
-0.677484
-0.677486
-0.677487
-0.677488
-0.67749
-0.677491
-0.677492
-0.677494
-0.677495
-0.677496
-0.677497
-0.677498
-0.6775
-0.677501
-0.677502
-0.677503
-0.677504
-0.677505
-0.677506
-0.677506
-0.677506
-0.677506
-0.677506
-0.677506
-0.677507
-0.677507
-0.677506
-0.677506
-0.677505
-0.677504
-0.677503
-0.677503
-0.677502
-0.677502
-0.677501
-0.677501
-0.677501
-0.677501
