0.15
0.15
0.15
0.15
0.15
0.15
0.15
0.15
0.15
0.15
0.15
0.15
0.15
0.15
0.15
0.15
0.15
0.15
0.15
0.15
0.15
0.15
0.15
0.15
0.15
0.15
0.15001
0.150059
0.150183
0.150418
0.150794
0.151333
0.152049
0.152952
0.154042
0.155319
0.156777
0.158408
0.160204
0.162155
0.164253
0.166488
0.168852
0.171338
0.172809
0.172809
0.173939
0.176646
0.179434
0.182266
0.1851
0.187902
0.190645
0.19331
0.19589
0.198384
0.200795
0.203134
0.205409
0.207632
0.209811
0.211955
0.21407
0.216161
0.218229
0.220277
0.222304
0.224312
0.226299
0.228264
0.230209
0.23213
0.23403
0.235906
0.237759
0.239588
0.241394
0.243176
0.244933
0.246665
0.248372
0.250054
0.251711
0.253342
0.254948
0.256527
0.25808
0.259607
0.261108
0.262582
0.26403
0.265451
0.266845
0.268212
0.269551
0.270864
0.272149
0.273406
0.274636
0.275838
0.277013
0.278159
0.279277
0.280366
0.281428
0.28246
0.283464
0.28444
0.285386
0.286304
0.287193
0.288052
0.288882
0.289683
0.290455
0.291197
0.29191
0.292593
0.293246
0.293869
0.294463
0.295026
0.29556
0.296064
0.296537
0.296981
0.297394
0.297777
0.29813
0.298452
0.298744
0.299006
0.299237
0.299438
0.299608
0.299747
0.299856
0.299935
0.299983
0.3
0.299987
0.299943
0.299868
0.299763
0.299627
0.29946
0.299263
0.299035
0.298776
0.298487
0.298167
0.297817
0.297436
0.297024
0.296583
0.29611
0.295607
0.295074
0.29451
0.293916
0.293292
0.292637
0.291953
0.291238
0.290493
0.289718
0.288913
0.288079
0.287214
0.28632
0.285396
0.284443
0.28346
0.282448
0.281406
0.280335
0.279236
0.278107
0.276949
0.275763
0.274548
0.273304
0.272032
0.270732
0.269403
0.268047
0.266662
0.26525
0.26381
0.262343
0.260849
0.259327
0.257778
0.256203
0.2546
0.252972
0.251317
0.249635
0.247928
0.246195
0.244436
0.242652
0.240843
0.239009
0.23715
0.235266
0.233358
0.231425
0.229469
0.227489
0.225485
0.223458
0.221407
0.219334
0.217238
0.21512
0.212979
0.210817
0.208633
0.206427
0.2042
0.201952
0.199683
0.197394
0.195084
0.192755
0.190406
0.188037
0.185649
0.183242
0.180816
0.178372
0.17591
0.174829
0.174829
0.17343
0.170945
0.168491
0.166122
0.163885
0.161811
0.159913
0.158189
0.156631
0.155227
0.153967
0.152845
0.151858
0.151005
0.150287
0.149704
0.149256
0.148944
0.148794
0.148794
0.148771
0.148771
0.148766
0.148759
0.148759
0.148729
0.148729
0.148729
0.148729
0.14872
0.14872
0.148719
0.148719
0.148719
0.148719
0.14872
0.14872
0.14872
0.14872
0.14872
0.148725
0.148725
0.148725
0.148725
0.148802
0.148986
0.149224
0.149464
0.149604
0.149604
0.149669
0.149826
0.149934
0.150004
0.150051
0.150084
0.150112
0.150138
0.150157
0.150157
0.150157
0.150157
0.150157
0.150157
0.150161
0.150183
0.150198
0.150198
0.150198
0.150198
0.150201
0.150201
0.150201
0.150215
0.150216
0.150216
0.150225
0.150225
0.150226
0.150234
0.150238
0.15024
0.150239
0.150239
0.150239
0.150239
0.150239
0.150238
0.150238
0.150238
0.150238
0.150238
0.150239
0.15024
0.150241
0.150241
0.150241
0.150242
0.150242
0.150242
0.150243
0.150243
0.150242
0.15024
0.15024
0.15024
0.15024
0.15024
0.15024
0.15024
0.150238
0.150236
0.150235
0.150236
0.150237
0.150239
0.150242
0.150243
0.150243
0.150243
0.150243
0.150243
0.150243
0.150241
0.150239
0.150238
0.150238
0.150238
0.150238
0.150237
0.150237
0.150237
0.150237
0.150237
0.150237
0.150237
0.150238
0.150238
0.150237
0.150235
0.150231
0.150227
0.150222
0.150217
0.150212
0.150208
0.150203
0.150198
0.150194
0.150189
0.150184
0.15018
0.150175
0.15017
0.150166
0.150161
0.150157
0.150152
0.150148
0.150144
0.15014
0.150136
0.150132
0.150128
0.150124
0.150121
0.150117
0.150114
0.150111
0.150107
0.150104
0.150101
0.150098
0.150096
0.150093
0.15009
0.150087
0.150085
0.150082
0.15008
0.150078
0.150075
0.150073
0.150071
0.150069
0.150067
0.150065
0.150063
0.150061
0.15006
0.150058
0.150056
0.150055
0.150053
0.150051
0.150051
0.150051
0.150051
0.150051
0.15005
0.150048
0.150046
0.150045
0.150044
0.150043
0.150042
0.150041
0.150039
0.150038
0.150037
0.150036
0.150036
0.150036
0.150036
