1.22624
1.22624
1.22624
1.22624
1.22624
1.22624
1.22624
1.22624
1.22624
1.22624
1.22624
1.22624
1.22624
1.22624
1.22624
1.22624
1.22624
1.22624
1.22624
1.22624
1.22624
1.22624
1.22624
1.22624
1.22624
1.22625
1.22636
1.22669
1.22736
1.2285
1.23021
1.23261
1.2358
1.23987
1.24486
1.25079
1.25766
1.26543
1.27409
1.28356
1.29382
1.30479
1.31645
1.32873
1.33601
1.33601
1.34161
1.35499
1.36873
1.38272
1.39684
1.411
1.42511
1.43906
1.45278
1.46621
1.47932
1.49208
1.50451
1.5166
1.52838
1.53988
1.55111
1.56212
1.57292
1.58355
1.59402
1.60436
1.61457
1.62467
1.63466
1.64455
1.65434
1.66401
1.67357
1.68302
1.69233
1.70151
1.71055
1.71944
1.72817
1.73674
1.74514
1.75337
1.76141
1.76927
1.77694
1.78442
1.7917
1.79879
1.80568
1.81237
1.81886
1.82514
1.83121
1.83708
1.84274
1.84819
1.85343
1.85845
1.86325
1.86784
1.87221
1.87636
1.88029
1.88399
1.88746
1.89071
1.89373
1.89652
1.89908
1.9014
1.90349
1.90534
1.90696
1.90834
1.90948
1.91038
1.91105
1.91147
1.91165
1.91159
1.91129
1.91074
1.90996
1.90893
1.90765
1.90614
1.90438
1.90238
1.90014
1.89765
1.89493
1.89196
1.88875
1.8853
1.88161
1.87769
1.87352
1.86912
1.86448
1.8596
1.85449
1.84915
1.84358
1.83777
1.83174
1.82548
1.81899
1.81228
1.80534
1.79818
1.79081
1.78321
1.7754
1.76738
1.75914
1.7507
1.74204
1.73319
1.72412
1.71486
1.7054
1.69574
1.68589
1.67585
1.66562
1.65521
1.64461
1.63384
1.62288
1.61175
1.60045
1.58899
1.57735
1.56556
1.5536
1.54149
1.52923
1.51681
1.50426
1.49155
1.47871
1.46573
1.45262
1.43938
1.42602
1.41253
1.39892
1.3852
1.37137
1.35742
1.34338
1.32923
1.31499
1.30065
1.28622
1.27171
1.25712
1.24245
1.2277
1.21288
1.198
1.18305
1.16804
1.15298
1.13787
1.12271
1.1075
1.09226
1.07698
1.06167
1.04633
1.03096
1.01558
1.00017
0.98476
0.969336
0.953908
0.938478
0.923051
0.907631
0.892221
0.876825
0.861447
0.84609
0.83076
0.815458
0.80019
0.784958
0.769767
0.754619
0.73952
0.732941
0.732941
0.724473
0.709503
0.694709
0.680249
0.666308
0.653087
0.640784
0.629564
0.61954
0.610766
0.603242
0.59692
0.591719
0.587539
0.584272
0.581813
0.580073
0.578983
0.578554
0.578554
0.578507
0.578507
0.578498
0.578487
0.578487
0.578473
0.578473
0.578473
0.578473
0.578509
0.578509
0.578542
0.578542
0.578547
0.578547
0.5786
0.578603
0.578603
0.578603
0.578603
0.57866
0.57866
0.57866
0.57866
0.579256
0.580416
0.581987
0.583829
0.585111
0.585111
0.585787
0.587704
0.589442
0.590893
0.591995
0.592729
0.593115
0.5932
0.593092
0.593092
0.593092
0.593092
0.593092
0.593092
0.59305
0.59274
0.592416
0.592416
0.592409
0.592409
0.592343
0.592337
0.592337
0.591923
0.591904
0.591904
0.591605
0.591605
0.591548
0.591269
0.59111
0.591076
0.591159
0.591188
0.591188
0.591297
0.591297
0.59134
0.591524
0.591524
0.591585
0.591855
0.592106
0.592299
0.59239
0.59239
0.592408
0.59243
0.59243
0.592425
0.59235
0.592194
0.59198
0.591822
0.591822
0.591822
0.591822
0.591798
0.591798
0.591742
0.591515
0.591327
0.591191
0.591115
0.5911
0.591137
0.591211
0.591305
0.59135
0.59135
0.591355
0.591355
0.591402
0.591487
0.591546
0.591569
0.591569
0.591569
0.591569
0.591573
0.591563
0.591552
0.591552
0.591522
0.591522
0.591521
0.591453
0.591368
0.591272
0.591176
0.591085
0.591006
0.590941
0.590889
0.59085
0.590821
0.5908
0.590782
0.590766
0.590748
0.590727
0.590702
0.590672
0.590639
0.590601
0.590562
0.590521
0.590481
0.590442
0.590404
0.590369
0.590337
0.590307
0.59028
0.590255
0.590231
0.590209
0.590188
0.590167
0.590146
0.590125
0.590104
0.590083
0.590062
0.590041
0.59002
0.59
0.589981
0.589963
0.589945
0.589928
0.589911
0.589895
0.58988
0.589866
0.589852
0.589838
0.589825
0.589812
0.589799
0.589786
0.589774
0.589762
0.589751
0.58974
0.589737
0.589737
0.589737
0.589737
0.589729
0.589721
0.589712
0.589703
0.589694
0.589685
0.589675
0.589665
0.589655
0.589645
0.589636
0.58963
0.58963
0.58963
0.58963
