0.569571
0.569571
0.569571
0.569571
0.569571
0.569571
0.569571
0.569571
0.569571
0.569571
0.569571
0.569571
0.569571
0.569571
0.569571
0.569572
0.569572
0.569572
0.569572
0.569572
0.569572
0.569572
0.569572
0.569572
0.569572
0.569574
0.569623
0.569814
0.570258
0.57105
0.572264
0.573951
0.576145
0.57886
0.582089
0.58581
0.589988
0.59458
0.599539
0.604814
0.610355
0.616109
0.622026
0.628052
0.631521
0.631521
0.634136
0.640209
0.646157
0.651848
0.657165
0.662021
0.666358
0.670151
0.673399
0.67613
0.678388
0.680224
0.681687
0.682821
0.683659
0.684223
0.684526
0.684569
0.684349
0.683854
0.683072
0.681989
0.680591
0.678866
0.676803
0.674395
0.671637
0.668526
0.66506
0.661241
0.657071
0.652553
0.647691
0.64249
0.636954
0.631089
0.6249
0.618393
0.611573
0.604444
0.597011
0.589279
0.581251
0.572933
0.564326
0.555435
0.546264
0.536815
0.527092
0.517099
0.506839
0.496317
0.485535
0.474498
0.463212
0.451679
0.439906
0.427898
0.41566
0.403198
0.390518
0.377626
0.364529
0.351232
0.337744
0.324071
0.310219
0.296197
0.282011
0.267669
0.253178
0.238546
0.22378
0.208889
0.193879
0.178758
0.163536
0.148218
0.132814
0.117331
0.101778
0.086162
0.0704916
0.054775
0.0390204
0.0232361
0.00743038
-0.00838835
-0.0242117
-0.0400314
-0.0558389
-0.0716258
-0.0873836
-0.103104
-0.118778
-0.134398
-0.149955
-0.165441
-0.180847
-0.196165
-0.211387
-0.226504
-0.241508
-0.256392
-0.271146
-0.285763
-0.300236
-0.314555
-0.328714
-0.342705
-0.356519
-0.370151
-0.383591
-0.396834
-0.409872
-0.422698
-0.435305
-0.447687
-0.459836
-0.471747
-0.483413
-0.494828
-0.505986
-0.516882
-0.527509
-0.537863
-0.547938
-0.557728
-0.56723
-0.576439
-0.58535
-0.593958
-0.602261
-0.610253
-0.617932
-0.625294
-0.632336
-0.639054
-0.645447
-0.651512
-0.657246
-0.662648
-0.667715
-0.672447
-0.676842
-0.680898
-0.684616
-0.687995
-0.691034
-0.693733
-0.696092
-0.698113
-0.699795
-0.70114
-0.702148
-0.702821
-0.703162
-0.703171
-0.70285
-0.702203
-0.701232
-0.699939
-0.698328
-0.696402
-0.694164
-0.691618
-0.688768
-0.685619
-0.682174
-0.678438
-0.674416
-0.670112
-0.665533
-0.660682
-0.655566
-0.65019
-0.64456
-0.638682
-0.632561
-0.626205
-0.61962
-0.612812
-0.605787
-0.598553
-0.591116
-0.583484
-0.575662
-0.572189
-0.572189
-0.567663
-0.559557
-0.551493
-0.543639
-0.53613
-0.529056
-0.522471
-0.516398
-0.510838
-0.505786
-0.501231
-0.497173
-0.49361
-0.490545
-0.487977
-0.485905
-0.484324
-0.483228
-0.482706
-0.482706
-0.48263
-0.48263
-0.482611
-0.482588
-0.482588
-0.48249
-0.48249
-0.48249
-0.48249
-0.482464
-0.482464
-0.482462
-0.482462
-0.482462
-0.482462
-0.48247
-0.482471
-0.482471
-0.482471
-0.482471
-0.482488
-0.482488
-0.482488
-0.482488
-0.482752
-0.48334
-0.484089
-0.484855
-0.485316
-0.485316
-0.485538
-0.486099
-0.486532
-0.486854
-0.487089
-0.487264
-0.487399
-0.487502
-0.487566
-0.487566
-0.487566
-0.487566
-0.487566
-0.487566
-0.487579
-0.487634
-0.487666
-0.487666
-0.487666
-0.487666
-0.487671
-0.487671
-0.487671
-0.487691
-0.487692
-0.487692
-0.487704
-0.487704
-0.487706
-0.487722
-0.48773
-0.48773
-0.487729
-0.48773
-0.48773
-0.487733
-0.487733
-0.487735
-0.487746
-0.487746
-0.487751
-0.487773
-0.487793
-0.487807
-0.487813
-0.487813
-0.487815
-0.487818
-0.487818
-0.48782
-0.487824
-0.487823
-0.487814
-0.487805
-0.487805
-0.487805
-0.487805
-0.487804
-0.487804
-0.487801
-0.487789
-0.48778
-0.487771
-0.487765
-0.487765
-0.487771
-0.487781
-0.48779
-0.487794
-0.487794
-0.487794
-0.487794
-0.487797
-0.487801
-0.487801
-0.4878
-0.4878
-0.4878
-0.4878
-0.487799
-0.487799
-0.487799
-0.487799
-0.487801
-0.487801
-0.487801
-0.487803
-0.487802
-0.487796
-0.487783
-0.487767
-0.48775
-0.487732
-0.487715
-0.487698
-0.487683
-0.487669
-0.487655
-0.487641
-0.487628
-0.487614
-0.4876
-0.487586
-0.487572
-0.487557
-0.487543
-0.487528
-0.487514
-0.487499
-0.487485
-0.487472
-0.487459
-0.487446
-0.487434
-0.487422
-0.487411
-0.4874
-0.487389
-0.487379
-0.487369
-0.487359
-0.48735
-0.48734
-0.487331
-0.487322
-0.487314
-0.487305
-0.487297
-0.487289
-0.487281
-0.487273
-0.487266
-0.487259
-0.487252
-0.487246
-0.487239
-0.487233
-0.487227
-0.487221
-0.487215
-0.48721
-0.487204
-0.487199
-0.487194
-0.487189
-0.487188
-0.487188
-0.487188
-0.487188
-0.487184
-0.48718
-0.487177
-0.487174
-0.487171
-0.487169
-0.487167
-0.487164
-0.487161
-0.487159
-0.487156
-0.487154
-0.487154
-0.487154
-0.487154
