0
0.000628868
0.000628868
0.000628872
0.000628872
0.000748691
0.000748691
0.00154549
0.00154549
0.00196266
0.00196266
0.00196266
0.00196266
0.00196266
0.00196266
0.00436114
0.00436114
0.00436114
0.00436114
0.00436114
0.00436114
0.0046674
0.0046674
0.0046674
0.0046674
0.006
0.012
0.018
0.024
0.03
0.036
0.042
0.048
0.054
0.06
0.066
0.072
0.078
0.084
0.09
0.096
0.102
0.108
0.114
0.117424
0.117424
0.12
0.126
0.132
0.138
0.144
0.15
0.156
0.162
0.168
0.174
0.18
0.186
0.192
0.198
0.204
0.21
0.216
0.222
0.228
0.234
0.24
0.246
0.252
0.258
0.264
0.27
0.276
0.282
0.288
0.294
0.3
0.306
0.312
0.318
0.324
0.33
0.336
0.342
0.348
0.354
0.36
0.366
0.372
0.378
0.384
0.39
0.396
0.402
0.408
0.414
0.42
0.426
0.432
0.438
0.444
0.45
0.456
0.462
0.468
0.474
0.48
0.486
0.492
0.498
0.504
0.51
0.516
0.522
0.528
0.534
0.54
0.546
0.552
0.558
0.564
0.57
0.576
0.582
0.588
0.594
0.6
0.606
0.612
0.618
0.624
0.63
0.636
0.642
0.648
0.654
0.66
0.666
0.672
0.678
0.684
0.69
0.696
0.702
0.708
0.714
0.72
0.726
0.732
0.738
0.744
0.75
0.756
0.762
0.768
0.774
0.78
0.786
0.792
0.798
0.804
0.81
0.816
0.822
0.828
0.834
0.84
0.846
0.852
0.858
0.864
0.87
0.876
0.882
0.888
0.894
0.9
0.906
0.912
0.918
0.924
0.93
0.936
0.942
0.948
0.954
0.96
0.966
0.972
0.978
0.984
0.99
0.996
1.002
1.008
1.014
1.02
1.026
1.032
1.038
1.044
1.05
1.056
1.062
1.068
1.074
1.08
1.086
1.092
1.098
1.104
1.11
1.116
1.122
1.128
1.134
1.14
1.146
1.152
1.158
1.164
1.17
1.176
1.182
1.188
1.194
1.2
1.206
1.212
1.218
1.224
1.23
1.236
1.23862
1.23862
1.242
1.248
1.254
1.26
1.266
1.272
1.278
1.284
1.29
1.296
1.302
1.308
1.314
1.32
1.326
1.332
1.338
1.344
1.34869
1.34869
1.34972
1.34972
1.35
1.35038
1.35038
1.35271
1.35271
1.35271
1.35271
1.35418
1.35418
1.35495
1.35495
1.35506
1.35506
1.356
1.35605
1.35605
1.35605
1.35605
1.35685
1.35685
1.35685
1.35685
1.362
1.368
1.374
1.38
1.38394
1.38394
1.386
1.392
1.398
1.404
1.41
1.416
1.422
1.428
1.43287
1.43287
1.43287
1.43287
1.43287
1.43287
1.434
1.44
1.44495
1.44495
1.44505
1.44505
1.446
1.44609
1.44609
1.452
1.45228
1.45228
1.457
1.457
1.458
1.464
1.47
1.476
1.482
1.4832
1.4832
1.48681
1.48681
1.488
1.4926
1.4926
1.494
1.5
1.506
1.512
1.51651
1.51651
1.518
1.52194
1.52194
1.524
1.53
1.536
1.542
1.546
1.546
1.546
1.546
1.5466
1.5466
1.548
1.554
1.56
1.566
1.572
1.578
1.584
1.59
1.596
1.59875
1.59875
1.59905
1.59905
1.602
1.608
1.614
1.61816
1.61816
1.61816
1.61816
1.62
1.626
1.62818
1.62818
1.63193
1.63193
1.632
1.638
1.644
1.65
1.656
1.662
1.668
1.674
1.68
1.686
1.692
1.698
1.704
1.71
1.716
1.722
1.728
1.734
1.74
1.746
1.752
1.758
1.764
1.77
1.776
1.782
1.788
1.794
1.8
1.806
1.812
1.818
1.824
1.83
1.836
1.842
1.848
1.854
1.86
1.866
1.872
1.878
1.884
1.89
1.896
1.902
1.908
1.914
1.92
1.926
1.932
1.938
1.944
1.95
1.956
1.962
1.968
1.974
1.98
1.986
1.98762
1.98762
1.98762
1.98762
1.992
1.998
2.004
2.01
2.016
2.022
2.028
2.034
2.04
2.046
2.052
2.05605
2.05605
2.05605
2.05605
